11.000000 0.018587 0.180571 0.950758
12.000000 0.018913 0.183310 0.950281
13.000000 0.019232 0.183203 0.955915
14.000000 0.019115 0.187131 0.942147
15.000000 0.019158 0.185360 0.943955
16.000000 0.019383 0.185433 0.937722
17.000000 0.019538 0.188241 0.936568
18.000000 0.019690 0.191125 0.937580
19.000000 0.019888 0.190988 0.940817
20.000000 0.019802 0.189391 0.933907
21.000000 0.019712 0.191815 0.932913
22.000000 0.019845 0.195596 0.922254
23.000000 0.019973 0.196552 0.929598
24.000000 0.020073 0.194403 0.922661
25.000000 0.020131 0.196689 0.918597
26.000000 0.020210 0.196208 0.921415
27.000000 0.020269 0.198438 0.915237
28.000000 0.020346 0.200718 0.908865
29.000000 0.020286 0.201385 0.905190
30.000000 0.020121 0.202550 0.895795
31.000000 0.020447 0.200559 0.904736
32.000000 0.020362 0.202239 0.895675
33.000000 0.020262 0.200074 0.900662
34.000000 0.020170 0.208335 0.890131
35.000000 0.020307 0.203515 0.889501
36.000000 0.020369 0.208453 0.881486
37.000000 0.020432 0.208128 0.877413
38.000000 0.020346 0.207328 0.877724
39.000000 0.020454 0.210333 0.861764
40.000000 0.020354 0.209402 0.864029
41.000000 0.020577 0.211103 0.859087
42.000000 0.020479 0.210359 0.862045
43.000000 0.020466 0.210033 0.851955
44.000000 0.020332 0.208495 0.854447
45.000000 0.020305 0.211319 0.840291
46.000000 0.020354 0.212022 0.843963
47.000000 0.020246 0.213936 0.833792
48.000000 0.020361 0.211777 0.838236
49.000000 0.020405 0.216933 0.816226
50.000000 0.020299 0.216544 0.827676
51.000000 0.020218 0.214636 0.816906
52.000000 0.020497 0.219482 0.801393
53.000000 0.020439 0.221757 0.791456
54.000000 0.020396 0.222237 0.796275
55.000000 0.020284 0.223398 0.787750
56.000000 0.020297 0.221499 0.779549
57.000000 0.020268 0.225617 0.775408
58.000000 0.020281 0.222462 0.777015
59.000000 0.020307 0.226470 0.763073
60.000000 0.020315 0.228794 0.748096
61.000000 0.020353 0.227770 0.739176
62.000000 0.020231 0.233212 0.716685
63.000000 0.020323 0.228704 0.737568
64.000000 0.020259 0.233918 0.687299
65.000000 0.020192 0.231815 0.688145
66.000000 0.020265 0.234883 0.673706


11.000000 0.018515 0.191226 0.942902
12.000000 0.018819 0.196785 0.936090
13.000000 0.018957 0.198173 0.945273
14.000000 0.019331 0.198950 0.939862
15.000000 0.019235 0.199167 0.941710
16.000000 0.019433 0.201486 0.952277
17.000000 0.019569 0.203894 0.936211
18.000000 0.019606 0.205301 0.946654
19.000000 0.019820 0.208112 0.931082
20.000000 0.019867 0.208939 0.933264
21.000000 0.019734 0.212782 0.934919
22.000000 0.020198 0.209577 0.925927
23.000000 0.019933 0.214046 0.918414
24.000000 0.020158 0.215849 0.916305
25.000000 0.020099 0.217911 0.919111
26.000000 0.020133 0.223761 0.898567
27.000000 0.020368 0.221247 0.912648
28.000000 0.020184 0.224734 0.901654
29.000000 0.019973 0.225841 0.910953
30.000000 0.020559 0.227893 0.895482
31.000000 0.020362 0.228340 0.898901
32.000000 0.020442 0.234194 0.888053
33.000000 0.020375 0.230775 0.892117
34.000000 0.020440 0.236976 0.885271
35.000000 0.020466 0.235455 0.877766
36.000000 0.020429 0.237981 0.878183
37.000000 0.020533 0.240066 0.880438
38.000000 0.020580 0.246502 0.865245
39.000000 0.020613 0.246436 0.865022
40.000000 0.020470 0.249790 0.864213
41.000000 0.020595 0.252258 0.855079
42.000000 0.020474 0.253291 0.858582
43.000000 0.020461 0.255230 0.851895
44.000000 0.020521 0.260591 0.834153
45.000000 0.020501 0.265826 0.835128
46.000000 0.020683 0.271380 0.823243
47.000000 0.020633 0.271614 0.823276
48.000000 0.020585 0.279353 0.826629
49.000000 0.020734 0.277914 0.814854
50.000000 0.020632 0.282383 0.809580
51.000000 0.020732 0.290139 0.799847
52.000000 0.020661 0.290521 0.791841
53.000000 0.020561 0.294102 0.793751
54.000000 0.020519 0.302417 0.781776
55.000000 0.020639 0.305044 0.781107
56.000000 0.020653 0.316847 0.749934
57.000000 0.020559 0.319863 0.765725
58.000000 0.020470 0.328421 0.748994
59.000000 0.020557 0.332476 0.744578
60.000000 0.020502 0.332290 0.736211
61.000000 0.020555 0.344966 0.718801
62.000000 0.020648 0.358047 0.710047
63.000000 0.020662 0.368847 0.697526
64.000000 0.020425 0.375615 0.692813
65.000000 0.020547 0.381726 0.678453
66.000000 0.020531 0.397377 0.656508


11.000000 0.018614 0.203854 0.941998
12.000000 0.018911 0.210844 0.943701
13.000000 0.019100 0.216775 0.935653
14.000000 0.019179 0.215727 0.942509
15.000000 0.019455 0.219608 0.931468
16.000000 0.019429 0.225994 0.929925
17.000000 0.019724 0.228838 0.930931
18.000000 0.019812 0.228678 0.937643
19.000000 0.020027 0.235327 0.928548
20.000000 0.019948 0.237198 0.923686
21.000000 0.019903 0.240238 0.921795
22.000000 0.019990 0.249036 0.916348
23.000000 0.020042 0.247170 0.922023
24.000000 0.020334 0.251207 0.911227
25.000000 0.020288 0.257432 0.904373
26.000000 0.020391 0.260451 0.909318
27.000000 0.020350 0.266219 0.906965
28.000000 0.020447 0.273039 0.898276
29.000000 0.020465 0.276800 0.891808
30.000000 0.020566 0.284157 0.899274
31.000000 0.020723 0.290284 0.880211
32.000000 0.020706 0.295589 0.880971
33.000000 0.020641 0.298880 0.878905
34.000000 0.020460 0.309013 0.879673
35.000000 0.020792 0.314902 0.885065
36.000000 0.020817 0.322380 0.870750
37.000000 0.020614 0.326768 0.870940
38.000000 0.020659 0.339007 0.855649
39.000000 0.020918 0.347108 0.848562
40.000000 0.020819 0.355881 0.852665
41.000000 0.020679 0.364599 0.837658
42.000000 0.020643 0.372444 0.838523
43.000000 0.020913 0.387642 0.827776
44.000000 0.020996 0.401088 0.820486
45.000000 0.020887 0.406732 0.821610
46.000000 0.021128 0.422332 0.813419
47.000000 0.020851 0.433729 0.807020
48.000000 0.021103 0.444772 0.804994
49.000000 0.020932 0.455250 0.797773
50.000000 0.020911 0.479255 0.796944
51.000000 0.021031 0.484616 0.780078
52.000000 0.021070 0.504357 0.782638
53.000000 0.021048 0.529391 0.771693
54.000000 0.021109 0.536016 0.758414
55.000000 0.021186 0.556870 0.745929
56.000000 0.021210 0.574460 0.744558
57.000000 0.021233 0.598882 0.737120
58.000000 0.021073 0.609322 0.738040
59.000000 0.021391 0.632329 0.706571
60.000000 0.021281 0.646890 0.707621
61.000000 0.021270 0.652099 0.695814
62.000000 0.021331 0.684981 0.680770
63.000000 0.021309 0.688168 0.668264
64.000000 0.021409 0.707022 0.649760
65.000000 0.021456 0.732086 0.647834
66.000000 0.021549 0.750598 0.635632