11.000000 0.017878 0.184274 0.946353
11.000000 0.017204 0.184976 0.939186
11.000000 0.018531 0.195637 0.958955
11.000000 0.018619 0.195774 0.923939
11.000000 0.018463 0.193972 0.907141
11.000000 0.018199 0.183923 0.943908
11.000000 0.017679 0.197513 0.972993
11.000000 0.018532 0.195327 0.965194
11.000000 0.018088 0.187927 0.941188
11.000000 0.018749 0.189101 0.916234
11.000000 0.019322 0.202896 0.894518
11.000000 0.018982 0.195386 0.942136
11.000000 0.019530 0.184613 0.947753
11.000000 0.018429 0.186582 0.959841
11.000000 0.018768 0.187567 0.935957
11.000000 0.018632 0.181688 0.982377
11.000000 0.018536 0.198581 0.965655
11.000000 0.018544 0.181099 0.960873
11.000000 0.018802 0.200242 0.916387
