11.000000 0.018515 0.191226 0.942902
12.000000 0.018819 0.196785 0.936090
13.000000 0.018957 0.198173 0.945273
14.000000 0.019331 0.198950 0.939862
15.000000 0.019235 0.199167 0.941710
16.000000 0.019433 0.201486 0.952277
17.000000 0.019569 0.203894 0.936211
18.000000 0.019606 0.205301 0.946654
19.000000 0.019820 0.208112 0.931082
20.000000 0.019867 0.208939 0.933264
21.000000 0.019734 0.212782 0.934919
22.000000 0.020198 0.209577 0.925927
23.000000 0.019933 0.214046 0.918414
24.000000 0.020158 0.215849 0.916305
25.000000 0.020099 0.217911 0.919111
26.000000 0.020133 0.223761 0.898567
27.000000 0.020368 0.221247 0.912648
28.000000 0.020184 0.224734 0.901654
29.000000 0.019973 0.225841 0.910953
30.000000 0.020559 0.227893 0.895482
31.000000 0.020362 0.228340 0.898901
32.000000 0.020442 0.234194 0.888053
33.000000 0.020375 0.230775 0.892117
34.000000 0.020440 0.236976 0.885271
35.000000 0.020466 0.235455 0.877766
36.000000 0.020429 0.237981 0.878183
37.000000 0.020533 0.240066 0.880438
38.000000 0.020580 0.246502 0.865245
39.000000 0.020613 0.246436 0.865022
40.000000 0.020470 0.249790 0.864213
41.000000 0.020595 0.252258 0.855079
42.000000 0.020474 0.253291 0.858582
43.000000 0.020461 0.255230 0.851895
44.000000 0.020521 0.260591 0.834153
45.000000 0.020501 0.265826 0.835128
46.000000 0.020683 0.271380 0.823243
47.000000 0.020633 0.271614 0.823276
48.000000 0.020585 0.279353 0.826629
49.000000 0.020734 0.277914 0.814854
50.000000 0.020632 0.282383 0.809580
51.000000 0.020732 0.290139 0.799847
52.000000 0.020661 0.290521 0.791841
53.000000 0.020561 0.294102 0.793751
54.000000 0.020519 0.302417 0.781776
55.000000 0.020639 0.305044 0.781107
56.000000 0.020653 0.316847 0.749934
57.000000 0.020559 0.319863 0.765725
58.000000 0.020470 0.328421 0.748994
59.000000 0.020557 0.332476 0.744578
60.000000 0.020502 0.332290 0.736211
61.000000 0.020555 0.344966 0.718801
62.000000 0.020648 0.358047 0.710047
63.000000 0.020662 0.368847 0.697526
64.000000 0.020425 0.375615 0.692813
65.000000 0.020547 0.381726 0.678453
66.000000 0.020531 0.397377 0.656508
