11.000000 0.018587 0.180571 0.950758
12.000000 0.018913 0.183310 0.950281
13.000000 0.019232 0.183203 0.955915
14.000000 0.019115 0.187131 0.942147
15.000000 0.019158 0.185360 0.943955
16.000000 0.019383 0.185433 0.937722
17.000000 0.019538 0.188241 0.936568
18.000000 0.019690 0.191125 0.937580
19.000000 0.019888 0.190988 0.940817
20.000000 0.019802 0.189391 0.933907
21.000000 0.019712 0.191815 0.932913
22.000000 0.019845 0.195596 0.922254
23.000000 0.019973 0.196552 0.929598
24.000000 0.020073 0.194403 0.922661
25.000000 0.020131 0.196689 0.918597
26.000000 0.020210 0.196208 0.921415
27.000000 0.020269 0.198438 0.915237
28.000000 0.020346 0.200718 0.908865
29.000000 0.020286 0.201385 0.905190
30.000000 0.020121 0.202550 0.895795
31.000000 0.020447 0.200559 0.904736
32.000000 0.020362 0.202239 0.895675
33.000000 0.020262 0.200074 0.900662
34.000000 0.020170 0.208335 0.890131
35.000000 0.020307 0.203515 0.889501
36.000000 0.020369 0.208453 0.881486
37.000000 0.020432 0.208128 0.877413
38.000000 0.020346 0.207328 0.877724
39.000000 0.020454 0.210333 0.861764
40.000000 0.020354 0.209402 0.864029
41.000000 0.020577 0.211103 0.859087
42.000000 0.020479 0.210359 0.862045
43.000000 0.020466 0.210033 0.851955
44.000000 0.020332 0.208495 0.854447
45.000000 0.020305 0.211319 0.840291
46.000000 0.020354 0.212022 0.843963
47.000000 0.020246 0.213936 0.833792
48.000000 0.020361 0.211777 0.838236
49.000000 0.020405 0.216933 0.816226
50.000000 0.020299 0.216544 0.827676
51.000000 0.020218 0.214636 0.816906
52.000000 0.020497 0.219482 0.801393
53.000000 0.020439 0.221757 0.791456
54.000000 0.020396 0.222237 0.796275
55.000000 0.020284 0.223398 0.787750
56.000000 0.020297 0.221499 0.779549
57.000000 0.020268 0.225617 0.775408
58.000000 0.020281 0.222462 0.777015
59.000000 0.020307 0.226470 0.763073
60.000000 0.020315 0.228794 0.748096
61.000000 0.020353 0.227770 0.739176
62.000000 0.020231 0.233212 0.716685
63.000000 0.020323 0.228704 0.737568
64.000000 0.020259 0.233918 0.687299
65.000000 0.020192 0.231815 0.688145
66.000000 0.020265 0.234883 0.673706
