11.000000 0.019741 0.213699 0.926935
11.000000 0.017747 0.198300 0.935278
11.000000 0.018381 0.204972 0.942063
11.000000 0.018321 0.197106 0.937804
11.000000 0.018144 0.189875 0.951190
11.000000 0.017895 0.202808 0.913523
11.000000 0.018405 0.209291 0.968080
11.000000 0.018495 0.195896 0.953228
11.000000 0.018097 0.198515 0.949361
11.000000 0.018406 0.209460 0.964735
11.000000 0.018028 0.201674 0.953170
11.000000 0.018881 0.201335 0.939513
11.000000 0.018452 0.209640 0.900947
11.000000 0.018981 0.207530 0.946832
11.000000 0.019078 0.212276 0.914655
11.000000 0.018242 0.210050 0.957496
11.000000 0.019669 0.216790 0.926815
11.000000 0.019326 0.199054 0.977855
11.000000 0.019721 0.191816 0.958306
11.000000 0.018268 0.207001 0.922178
12.000000 0.019027 0.214651 0.959561
12.000000 0.018956 0.209261 0.931668
12.000000 0.018088 0.202095 0.967304
12.000000 0.019274 0.198748 0.954909
12.000000 0.019544 0.197278 0.956407
12.000000 0.018678 0.210545 0.936598
12.000000 0.018688 0.220109 0.922787
12.000000 0.019596 0.210913 0.940469
12.000000 0.019164 0.215509 0.925139
12.000000 0.018544 0.213480 0.908382
12.000000 0.018470 0.209235 0.922646
12.000000 0.018496 0.209749 0.965374
12.000000 0.018862 0.221901 0.931802
12.000000 0.018827 0.222374 0.961668
12.000000 0.018673 0.198786 0.934196
12.000000 0.018912 0.221841 0.946319
12.000000 0.017884 0.207456 0.958424
12.000000 0.020739 0.212931 0.927938
12.000000 0.019467 0.212844 0.957954
12.000000 0.018333 0.207176 0.964467
13.000000 0.019407 0.228733 0.915343
13.000000 0.019022 0.225699 0.920368
13.000000 0.019312 0.216314 0.960826
13.000000 0.018674 0.209065 0.922591
13.000000 0.019800 0.216194 0.924470
13.000000 0.019108 0.222785 0.923311
13.000000 0.018728 0.214037 0.944867
13.000000 0.018725 0.216975 0.948720
13.000000 0.017953 0.212042 0.947258
13.000000 0.019193 0.223954 0.941725
13.000000 0.019857 0.214157 0.950614
13.000000 0.019219 0.219362 0.938475
13.000000 0.019286 0.214379 0.921818
13.000000 0.018808 0.207097 0.917002
13.000000 0.019171 0.207771 0.954995
13.000000 0.019868 0.209511 0.931565
13.000000 0.019339 0.219725 0.935695
13.000000 0.019498 0.209365 0.938107
13.000000 0.018389 0.223681 0.932768
13.000000 0.018636 0.224662 0.942551
14.000000 0.018185 0.218460 0.958379
14.000000 0.020153 0.213265 0.923008
14.000000 0.018478 0.204741 0.967380
14.000000 0.018982 0.208342 0.959363
14.000000 0.019561 0.216900 0.977768
14.000000 0.018681 0.212371 0.939778
14.000000 0.018315 0.225003 0.958200
14.000000 0.019356 0.206156 0.939950
14.000000 0.019218 0.208902 0.941569
14.000000 0.019207 0.215530 0.914123
14.000000 0.019975 0.225207 0.914622
14.000000 0.019168 0.213301 0.907960
14.000000 0.019445 0.228466 0.942345
14.000000 0.019446 0.218247 0.939764
14.000000 0.019373 0.222427 0.929499
14.000000 0.019225 0.210338 0.959368
14.000000 0.019553 0.217516 0.942554
14.000000 0.019326 0.205127 0.938720
14.000000 0.018558 0.219096 0.955447
14.000000 0.019378 0.225148 0.940387
15.000000 0.019328 0.213283 0.956768
15.000000 0.019368 0.225312 0.932681
15.000000 0.019122 0.213653 0.942303
15.000000 0.019742 0.220619 0.938675
15.000000 0.020398 0.211926 0.916950
15.000000 0.019446 0.218933 0.947777
15.000000 0.019348 0.229180 0.957003
15.000000 0.018383 0.228591 0.919929
15.000000 0.018950 0.217617 0.940004
15.000000 0.019320 0.220671 0.912373
15.000000 0.019513 0.221992 0.916019
15.000000 0.019273 0.218280 0.938023
15.000000 0.019742 0.220918 0.920109
15.000000 0.019376 0.216560 0.927873
15.000000 0.020067 0.219236 0.900765
15.000000 0.018703 0.216122 0.937515
15.000000 0.020718 0.223931 0.907987
15.000000 0.019879 0.221841 0.923836
15.000000 0.019302 0.215565 0.962251
15.000000 0.019131 0.217931 0.930513
16.000000 0.019195 0.234440 0.911364
16.000000 0.019128 0.227557 0.932248
16.000000 0.019759 0.227639 0.912927
16.000000 0.020082 0.230591 0.883015
16.000000 0.020028 0.223182 0.924279
16.000000 0.019912 0.230010 0.911017
16.000000 0.019994 0.233493 0.931742
16.000000 0.018419 0.224211 0.940717
16.000000 0.018931 0.231479 0.949253
16.000000 0.019737 0.214561 0.967583
16.000000 0.019567 0.224654 0.905856
16.000000 0.018765 0.222576 0.933049
16.000000 0.019713 0.214054 0.975930
16.000000 0.018318 0.227394 0.932896
16.000000 0.018863 0.230774 0.928584
16.000000 0.018442 0.230642 0.950679
16.000000 0.020299 0.221333 0.917355
16.000000 0.020863 0.230711 0.921641
16.000000 0.019738 0.224138 0.938497
16.000000 0.018825 0.216445 0.929862
17.000000 0.018937 0.216077 0.927695
17.000000 0.019285 0.223427 0.906690
17.000000 0.018754 0.235199 0.949559
17.000000 0.019623 0.223931 0.922734
17.000000 0.019413 0.227761 0.945956
17.000000 0.019715 0.229055 0.920414
17.000000 0.019007 0.235031 0.906794
17.000000 0.020389 0.233282 0.949490
17.000000 0.020459 0.241126 0.912074
17.000000 0.020662 0.222931 0.923695
17.000000 0.019366 0.231041 0.933402
17.000000 0.019802 0.223578 0.965917
17.000000 0.019790 0.233727 0.917855
17.000000 0.020079 0.227236 0.944688
17.000000 0.019802 0.230169 0.937777
17.000000 0.020045 0.231816 0.929921
17.000000 0.020384 0.218398 0.921626
17.000000 0.020444 0.233819 0.907835
17.000000 0.018781 0.225283 0.950025
17.000000 0.019747 0.233875 0.944471
18.000000 0.019372 0.234004 0.946080
18.000000 0.020339 0.229095 0.940721
18.000000 0.019468 0.230469 0.951839
18.000000 0.019312 0.217113 0.988001
18.000000 0.019682 0.231264 0.922591
18.000000 0.019320 0.234880 0.929159
18.000000 0.020076 0.222474 0.930625
18.000000 0.020312 0.217648 0.938849
18.000000 0.020350 0.233782 0.915445
18.000000 0.019747 0.230691 0.944057
18.000000 0.020410 0.234280 0.913565
18.000000 0.019977 0.225675 0.931525
18.000000 0.019738 0.243122 0.945847
18.000000 0.020164 0.222371 0.931348
18.000000 0.019913 0.224138 0.930046
18.000000 0.019343 0.221378 0.946679
18.000000 0.019674 0.228706 0.931331
18.000000 0.020019 0.241047 0.927590
18.000000 0.019407 0.228649 0.935179
18.000000 0.019612 0.222778 0.952389
19.000000 0.019995 0.231709 0.949046
19.000000 0.019561 0.222493 0.975711
19.000000 0.020201 0.230053 0.935561
19.000000 0.020336 0.232406 0.920393
19.000000 0.019352 0.240434 0.913595
19.000000 0.019858 0.243001 0.931786
19.000000 0.018566 0.235181 0.910274
19.000000 0.020276 0.236546 0.926603
19.000000 0.019921 0.236070 0.921096
19.000000 0.020647 0.225182 0.939035
19.000000 0.020287 0.239479 0.897202
19.000000 0.020187 0.235688 0.923740
19.000000 0.020061 0.228054 0.936300
19.000000 0.020336 0.229111 0.927548
19.000000 0.019222 0.235485 0.924169
19.000000 0.020236 0.235841 0.942310
19.000000 0.021090 0.244785 0.928654
19.000000 0.020133 0.257036 0.925389
19.000000 0.020416 0.246491 0.898376
19.000000 0.019853 0.221485 0.944165
20.000000 0.018998 0.235930 0.936725
20.000000 0.020010 0.244118 0.943984
20.000000 0.020862 0.236247 0.908556
20.000000 0.019738 0.238679 0.914433
20.000000 0.019680 0.228273 0.932770
20.000000 0.019942 0.236948 0.926581
20.000000 0.020085 0.253601 0.903392
20.000000 0.019417 0.243433 0.916418
20.000000 0.020441 0.232247 0.942007
20.000000 0.020787 0.238609 0.909797
20.000000 0.019759 0.233479 0.937141
20.000000 0.020543 0.236634 0.899583
20.000000 0.020103 0.230304 0.928902
20.000000 0.019802 0.230779 0.914946
20.000000 0.019875 0.230349 0.953207
20.000000 0.020400 0.225749 0.931847
20.000000 0.018819 0.237482 0.927876
20.000000 0.019893 0.230265 0.928459
20.000000 0.019392 0.236842 0.903236
20.000000 0.020415 0.264000 0.913862
21.000000 0.019610 0.238742 0.943705
21.000000 0.021392 0.240902 0.896443
21.000000 0.019302 0.253320 0.925071
21.000000 0.020184 0.243474 0.915001
21.000000 0.020560 0.234718 0.934837
21.000000 0.020187 0.235615 0.933756
21.000000 0.019687 0.241967 0.911457
21.000000 0.019724 0.241014 0.887738
21.000000 0.020233 0.235440 0.936176
21.000000 0.019901 0.250684 0.902734
21.000000 0.019698 0.233235 0.908464
21.000000 0.019293 0.251494 0.915373
21.000000 0.020068 0.259985 0.899019
21.000000 0.020101 0.228432 0.922036
21.000000 0.019588 0.230474 0.937391
21.000000 0.019719 0.241690 0.934315
21.000000 0.020143 0.230936 0.916638
21.000000 0.020090 0.234361 0.948021
21.000000 0.019507 0.241351 0.917016
21.000000 0.019080 0.236927 0.950702
22.000000 0.020253 0.257890 0.881130
22.000000 0.020168 0.247676 0.912939
22.000000 0.019985 0.244424 0.924709
22.000000 0.019558 0.253764 0.909136
22.000000 0.020318 0.249566 0.921617
22.000000 0.019989 0.241425 0.918560
22.000000 0.020144 0.254033 0.907588
22.000000 0.019484 0.257342 0.883124
22.000000 0.020021 0.244183 0.954218
22.000000 0.020116 0.265061 0.905736
22.000000 0.020861 0.250019 0.901772
22.000000 0.019835 0.242696 0.961035
22.000000 0.019691 0.247125 0.933085
22.000000 0.019922 0.250991 0.898833
22.000000 0.019194 0.233696 0.967761
22.000000 0.019864 0.237859 0.899294
22.000000 0.020336 0.263240 0.922819
22.000000 0.020162 0.253738 0.886272
22.000000 0.019813 0.242040 0.910743
22.000000 0.020093 0.243956 0.926596
23.000000 0.020565 0.247714 0.958037
23.000000 0.020187 0.259266 0.906735
23.000000 0.020970 0.244279 0.943070
23.000000 0.020017 0.252610 0.904863
23.000000 0.020128 0.250771 0.931077
23.000000 0.019789 0.251752 0.934521
23.000000 0.019401 0.247876 0.901352
23.000000 0.020085 0.247160 0.920732
23.000000 0.020051 0.235858 0.907066
23.000000 0.020885 0.235028 0.915215
23.000000 0.018984 0.247996 0.921097
23.000000 0.020028 0.249032 0.931108
23.000000 0.019361 0.239511 0.923488
23.000000 0.020383 0.244175 0.930298
23.000000 0.019712 0.256142 0.886508
23.000000 0.020676 0.241603 0.934662
23.000000 0.019229 0.249834 0.912679
23.000000 0.020088 0.244274 0.910662
23.000000 0.019962 0.251072 0.937131
23.000000 0.020348 0.247441 0.930158
24.000000 0.020485 0.242505 0.933328
24.000000 0.020398 0.245459 0.944606
24.000000 0.019745 0.250792 0.955699
24.000000 0.020687 0.258968 0.900921
24.000000 0.020328 0.243162 0.894970
24.000000 0.020284 0.253352 0.913653
24.000000 0.020749 0.240029 0.932045
24.000000 0.020707 0.251246 0.903082
24.000000 0.020767 0.260312 0.866263
24.000000 0.020835 0.243141 0.925943
24.000000 0.020210 0.259034 0.894484
24.000000 0.019722 0.257225 0.889303
24.000000 0.020453 0.245574 0.888896
24.000000 0.019570 0.257126 0.946960
24.000000 0.019846 0.249588 0.933799
24.000000 0.019675 0.260003 0.893199
24.000000 0.020099 0.245736 0.929553
24.000000 0.021024 0.252226 0.889513
24.000000 0.020377 0.256221 0.912909
24.000000 0.020718 0.252439 0.875419
25.000000 0.019121 0.253408 0.920583
25.000000 0.019919 0.261063 0.880229
25.000000 0.019749 0.251092 0.933733
25.000000 0.021133 0.265863 0.893911
25.000000 0.020606 0.248839 0.911503
25.000000 0.020719 0.267646 0.863952
25.000000 0.020416 0.249766 0.930398
25.000000 0.020398 0.254780 0.924985
25.000000 0.019685 0.260493 0.943054
25.000000 0.020048 0.249341 0.900578
25.000000 0.020099 0.247205 0.949773
25.000000 0.019745 0.255849 0.903397
25.000000 0.019639 0.269510 0.897011
25.000000 0.020358 0.251126 0.905415
25.000000 0.020977 0.257416 0.906751
25.000000 0.020176 0.254401 0.926993
25.000000 0.020833 0.272948 0.845522
25.000000 0.021184 0.264988 0.869529
25.000000 0.020008 0.264009 0.862946
25.000000 0.020941 0.248891 0.917187
26.000000 0.020321 0.263333 0.872576
26.000000 0.019771 0.259351 0.906990
26.000000 0.019479 0.258812 0.918170
26.000000 0.019788 0.259884 0.902948
26.000000 0.019832 0.275564 0.931249
26.000000 0.021153 0.266523 0.892526
26.000000 0.020616 0.258617 0.924903
26.000000 0.020017 0.259702 0.920867
26.000000 0.021095 0.262140 0.899130
26.000000 0.020890 0.253958 0.916237
26.000000 0.020227 0.248048 0.922121
26.000000 0.020362 0.267203 0.900054
26.000000 0.020725 0.256238 0.893733
26.000000 0.020087 0.248130 0.959551
26.000000 0.020653 0.261407 0.902660
26.000000 0.020530 0.268646 0.914689
26.000000 0.019804 0.259797 0.909816
26.000000 0.021390 0.260742 0.900597
26.000000 0.020897 0.264676 0.898981
26.000000 0.020181 0.256256 0.898564
27.000000 0.020370 0.273943 0.869335
27.000000 0.020293 0.272578 0.923882
27.000000 0.020137 0.265495 0.873902
27.000000 0.020590 0.269246 0.901268
27.000000 0.020310 0.266975 0.953782
27.000000 0.020584 0.267943 0.899405
27.000000 0.020379 0.257607 0.917341
27.000000 0.021033 0.257794 0.933716
27.000000 0.020137 0.262962 0.913983
27.000000 0.020836 0.265191 0.844281
27.000000 0.020918 0.266381 0.882790
27.000000 0.020072 0.263604 0.902710
27.000000 0.019960 0.269011 0.894302
27.000000 0.021118 0.273750 0.947327
27.000000 0.019802 0.267188 0.928461
27.000000 0.020561 0.259408 0.896136
27.000000 0.019829 0.270490 0.968801
27.000000 0.019681 0.254356 0.917146
27.000000 0.019944 0.270011 0.907875
27.000000 0.020447 0.270456 0.862857
28.000000 0.020105 0.270965 0.905238
28.000000 0.020490 0.266725 0.897675
28.000000 0.019632 0.280899 0.930911
28.000000 0.020284 0.282853 0.890707
28.000000 0.020064 0.271085 0.928694
28.000000 0.021748 0.276618 0.862719
28.000000 0.020521 0.275037 0.867670
28.000000 0.020510 0.277648 0.915410
28.000000 0.020773 0.273524 0.909013
28.000000 0.020264 0.273015 0.885997
28.000000 0.020185 0.268698 0.881633
28.000000 0.021162 0.278598 0.883045
28.000000 0.019908 0.274057 0.886200
28.000000 0.019657 0.272648 0.880174
28.000000 0.020305 0.264348 0.950857
28.000000 0.020640 0.283904 0.910765
28.000000 0.020112 0.271577 0.913120
28.000000 0.021190 0.265010 0.877908
28.000000 0.020880 0.268339 0.876199
28.000000 0.020509 0.265233 0.911581
29.000000 0.020389 0.286054 0.902539
29.000000 0.020008 0.274317 0.922722
29.000000 0.020919 0.274961 0.862887
29.000000 0.020476 0.275079 0.878946
29.000000 0.020699 0.279158 0.854537
29.000000 0.020895 0.273660 0.910537
29.000000 0.020147 0.268072 0.917077
29.000000 0.020930 0.274443 0.868886
29.000000 0.020524 0.283845 0.857537
29.000000 0.019805 0.279318 0.914595
29.000000 0.020909 0.281165 0.879787
29.000000 0.019956 0.268539 0.945095
29.000000 0.020890 0.279238 0.898890
29.000000 0.020464 0.275969 0.897858
29.000000 0.019748 0.283874 0.885270
29.000000 0.020375 0.288862 0.860562
29.000000 0.020907 0.266492 0.892154
29.000000 0.020279 0.257827 0.910287
29.000000 0.020730 0.281650 0.882520
29.000000 0.020242 0.283483 0.893481
30.000000 0.021519 0.278668 0.919641
30.000000 0.020165 0.291688 0.883803
30.000000 0.020550 0.282861 0.893631
30.000000 0.020127 0.284106 0.861538
30.000000 0.020744 0.281945 0.901719
30.000000 0.021766 0.291499 0.863305
30.000000 0.019892 0.268910 0.920177
30.000000 0.020497 0.288003 0.908059
30.000000 0.020423 0.283047 0.950294
30.000000 0.020701 0.276101 0.898730
30.000000 0.020295 0.284022 0.898064
30.000000 0.020602 0.274597 0.934795
30.000000 0.021055 0.285755 0.858838
30.000000 0.019799 0.299355 0.892582
30.000000 0.020470 0.295510 0.867008
30.000000 0.020162 0.280967 0.898816
30.000000 0.019902 0.288180 0.936195
30.000000 0.020508 0.288635 0.910368
30.000000 0.021827 0.285900 0.857538
30.000000 0.020325 0.273391 0.930385
31.000000 0.020565 0.292465 0.896323
31.000000 0.020944 0.306078 0.893426
31.000000 0.020869 0.292297 0.883790
31.000000 0.020291 0.283472 0.854674
31.000000 0.020785 0.289830 0.878979
31.000000 0.020688 0.294555 0.860142
31.000000 0.020858 0.292528 0.874901
31.000000 0.020457 0.299046 0.889844
31.000000 0.021165 0.280840 0.886139
31.000000 0.020242 0.283354 0.894962
31.000000 0.020604 0.293732 0.866657
31.000000 0.020444 0.290404 0.863171
31.000000 0.021336 0.289992 0.879899
31.000000 0.020987 0.291090 0.868128
31.000000 0.020498 0.284461 0.894197
31.000000 0.020211 0.287589 0.918660
31.000000 0.021126 0.291234 0.866267
31.000000 0.020047 0.289131 0.890801
31.000000 0.021589 0.282074 0.864988
31.000000 0.020754 0.291498 0.878278
32.000000 0.020383 0.287825 0.882473
32.000000 0.020642 0.295689 0.883001
32.000000 0.020856 0.292933 0.899810
32.000000 0.020321 0.287471 0.905767
32.000000 0.020429 0.283106 0.869707
32.000000 0.020721 0.292551 0.860369
32.000000 0.020668 0.306022 0.862725
32.000000 0.020765 0.295769 0.892719
32.000000 0.020602 0.293769 0.895877
32.000000 0.020046 0.292584 0.882307
32.000000 0.019888 0.317914 0.902501
32.000000 0.020613 0.299676 0.910505
32.000000 0.021116 0.295233 0.868188
32.000000 0.020798 0.298313 0.861522
32.000000 0.020844 0.297199 0.870267
32.000000 0.020856 0.298266 0.865132
32.000000 0.021701 0.290003 0.874373
32.000000 0.021118 0.293566 0.883555
32.000000 0.020867 0.302431 0.838615
32.000000 0.020880 0.291462 0.909999
33.000000 0.020525 0.301039 0.911294
33.000000 0.021245 0.297921 0.907844
33.000000 0.021048 0.295403 0.870498
33.000000 0.020788 0.292357 0.853799
33.000000 0.020541 0.307548 0.905849
33.000000 0.020994 0.297452 0.865553
33.000000 0.020344 0.297120 0.876879
33.000000 0.020622 0.300835 0.856761
33.000000 0.020447 0.305531 0.861335
33.000000 0.020462 0.297686 0.874004
33.000000 0.020956 0.290773 0.880510
33.000000 0.020788 0.298529 0.866367
33.000000 0.020165 0.307658 0.854584
33.000000 0.020036 0.314891 0.918085
33.000000 0.020996 0.290371 0.904555
33.000000 0.021021 0.302972 0.847845
33.000000 0.020792 0.301713 0.902921
33.000000 0.019983 0.297839 0.875509
33.000000 0.020709 0.284721 0.865074
33.000000 0.020365 0.295239 0.878842
34.000000 0.020639 0.306549 0.861525
34.000000 0.020530 0.310318 0.897467
34.000000 0.020552 0.308986 0.857715
34.000000 0.020114 0.301980 0.889470
34.000000 0.020530 0.304423 0.889199
34.000000 0.020684 0.311744 0.861379
34.000000 0.020960 0.300476 0.892189
34.000000 0.020382 0.312345 0.887694
34.000000 0.020321 0.306861 0.899223
34.000000 0.020268 0.310666 0.875896
34.000000 0.020915 0.309477 0.843742
34.000000 0.020876 0.315422 0.866644
34.000000 0.020562 0.309377 0.879484
34.000000 0.020606 0.306257 0.880368
34.000000 0.020796 0.314121 0.847407
34.000000 0.020433 0.310412 0.876857
34.000000 0.020143 0.304638 0.920717
34.000000 0.019914 0.311143 0.909778
34.000000 0.020422 0.313011 0.876567
34.000000 0.019555 0.312046 0.880145
35.000000 0.021069 0.322512 0.909411
35.000000 0.021093 0.316117 0.883778
35.000000 0.020599 0.322962 0.871971
35.000000 0.020514 0.311962 0.851081
35.000000 0.020378 0.316457 0.871175
35.000000 0.020704 0.313421 0.894601
35.000000 0.020933 0.318038 0.869959
35.000000 0.021385 0.302083 0.931681
35.000000 0.020263 0.314792 0.897487
35.000000 0.021402 0.302715 0.908453
35.000000 0.020758 0.307818 0.910472
35.000000 0.021112 0.319062 0.818881
35.000000 0.020728 0.318581 0.840028
35.000000 0.019985 0.315105 0.883863
35.000000 0.020665 0.320631 0.924529
35.000000 0.021366 0.319454 0.891989
35.000000 0.021162 0.301743 0.938516
35.000000 0.020490 0.318327 0.850204
35.000000 0.020396 0.309212 0.890347
35.000000 0.020840 0.327038 0.862884
36.000000 0.020766 0.317339 0.872542
36.000000 0.021199 0.332613 0.851328
36.000000 0.020365 0.310473 0.915253
36.000000 0.020627 0.323403 0.882262
36.000000 0.020943 0.313085 0.860088
36.000000 0.020091 0.324857 0.852950
36.000000 0.020606 0.305532 0.862196
36.000000 0.020594 0.311733 0.844241
36.000000 0.021365 0.329573 0.864610
36.000000 0.020776 0.323198 0.902981
36.000000 0.020576 0.337073 0.865317
36.000000 0.020895 0.314700 0.853803
36.000000 0.021255 0.322603 0.873634
36.000000 0.021482 0.312374 0.869242
36.000000 0.020522 0.323923 0.859639
36.000000 0.021131 0.334292 0.861533
36.000000 0.020892 0.334500 0.876936
36.000000 0.020564 0.320047 0.879817
36.000000 0.020941 0.332749 0.877926
36.000000 0.020743 0.323541 0.888706
37.000000 0.020322 0.330485 0.887206
37.000000 0.020748 0.333049 0.905593
37.000000 0.020364 0.319331 0.884794
37.000000 0.021697 0.320739 0.850498
37.000000 0.020495 0.324341 0.882075
37.000000 0.020457 0.335607 0.840812
37.000000 0.020648 0.340414 0.892095
37.000000 0.020834 0.324650 0.844879
37.000000 0.020313 0.334872 0.867575
37.000000 0.020864 0.328632 0.853261
37.000000 0.020450 0.329629 0.863339
37.000000 0.020578 0.327335 0.847513
37.000000 0.020485 0.320089 0.853970
37.000000 0.020515 0.320916 0.838377
37.000000 0.020273 0.313190 0.854634
37.000000 0.020955 0.314245 0.880301
37.000000 0.020830 0.331913 0.916427
37.000000 0.020469 0.332285 0.891272
37.000000 0.020319 0.322235 0.889870
37.000000 0.020669 0.331404 0.874317
38.000000 0.020429 0.331731 0.843364
38.000000 0.020561 0.340069 0.821932
38.000000 0.020707 0.334524 0.822971
38.000000 0.020629 0.343268 0.890065
38.000000 0.020644 0.346028 0.879528
38.000000 0.020229 0.347663 0.844072
38.000000 0.020982 0.328569 0.902556
38.000000 0.020811 0.345195 0.901242
38.000000 0.020939 0.345578 0.875031
38.000000 0.021353 0.339562 0.828407
38.000000 0.020234 0.325994 0.883509
38.000000 0.021115 0.352125 0.851998
38.000000 0.020615 0.330811 0.835289
38.000000 0.020630 0.335818 0.868616
38.000000 0.021202 0.331860 0.852532
38.000000 0.020401 0.339353 0.826303
38.000000 0.020676 0.343029 0.860720
38.000000 0.020421 0.353562 0.825043
38.000000 0.020412 0.327190 0.865507
38.000000 0.020184 0.338212 0.834286
39.000000 0.020339 0.346332 0.875985
39.000000 0.021457 0.341532 0.837042
39.000000 0.021827 0.345769 0.770306
39.000000 0.021376 0.346607 0.839964
39.000000 0.020545 0.366830 0.846272
39.000000 0.020310 0.345604 0.882671
39.000000 0.021154 0.336915 0.872372
39.000000 0.020810 0.356780 0.850571
39.000000 0.020761 0.351316 0.874897
39.000000 0.021590 0.339356 0.868215
39.000000 0.020387 0.369075 0.860609
39.000000 0.020468 0.353538 0.865603
39.000000 0.021036 0.339231 0.834798
39.000000 0.020908 0.339219 0.844708
39.000000 0.021189 0.345429 0.816717
39.000000 0.020819 0.354710 0.814991
39.000000 0.021192 0.343273 0.821022
39.000000 0.020639 0.343197 0.887274
39.000000 0.021291 0.339472 0.846069
39.000000 0.020268 0.337975 0.861148
40.000000 0.019925 0.359922 0.887327
40.000000 0.020713 0.345441 0.859742
40.000000 0.021027 0.355797 0.811901
40.000000 0.021036 0.353005 0.834436
40.000000 0.020772 0.349565 0.840206
40.000000 0.020987 0.369642 0.830199
40.000000 0.020766 0.351648 0.862655
40.000000 0.021101 0.373590 0.832072
40.000000 0.020412 0.345919 0.886368
40.000000 0.021142 0.346474 0.823172
40.000000 0.020688 0.385783 0.920596
40.000000 0.020490 0.345616 0.846890
40.000000 0.020238 0.346816 0.848240
40.000000 0.021160 0.357848 0.849326
40.000000 0.021048 0.361860 0.843565
40.000000 0.021378 0.355824 0.843316
40.000000 0.020927 0.334993 0.850071
40.000000 0.020928 0.370834 0.853764
40.000000 0.021042 0.358775 0.874515
40.000000 0.020608 0.348263 0.854935
41.000000 0.020916 0.355946 0.832006
41.000000 0.020962 0.360856 0.779729
41.000000 0.020097 0.365997 0.847460
41.000000 0.020208 0.369094 0.819855
41.000000 0.020590 0.367223 0.841928
41.000000 0.021128 0.369598 0.845884
41.000000 0.020541 0.372509 0.851355
41.000000 0.020886 0.361333 0.772122
41.000000 0.020684 0.362802 0.847635
41.000000 0.021067 0.356935 0.874214
41.000000 0.020630 0.369218 0.852873
41.000000 0.020947 0.359887 0.811148
41.000000 0.020785 0.356207 0.820433
41.000000 0.020412 0.360630 0.834042
41.000000 0.020150 0.365641 0.864486
41.000000 0.020536 0.388793 0.852286
41.000000 0.020590 0.382199 0.835466
41.000000 0.020932 0.354015 0.859038
41.000000 0.020364 0.348168 0.858796
41.000000 0.021145 0.364925 0.852400
42.000000 0.020121 0.365318 0.840811
42.000000 0.020479 0.353099 0.861032
42.000000 0.020829 0.370781 0.829525
42.000000 0.021079 0.361158 0.812740
42.000000 0.020790 0.361788 0.864850
42.000000 0.020507 0.364702 0.820479
42.000000 0.021007 0.381241 0.810008
42.000000 0.020972 0.367617 0.827521
42.000000 0.021051 0.371979 0.848214
42.000000 0.020543 0.377265 0.844856
42.000000 0.020864 0.356382 0.818343
42.000000 0.020669 0.370619 0.851284
42.000000 0.020252 0.375346 0.848500
42.000000 0.020282 0.354506 0.811310
42.000000 0.020287 0.382510 0.856020
42.000000 0.020484 0.372637 0.847029
42.000000 0.020979 0.381199 0.824760
42.000000 0.020874 0.438058 0.854161
42.000000 0.020577 0.363566 0.827673
42.000000 0.020217 0.379117 0.871352
43.000000 0.020381 0.390386 0.812999
43.000000 0.021246 0.421354 0.831048
43.000000 0.021712 0.368446 0.795031
43.000000 0.021199 0.381059 0.774838
43.000000 0.020200 0.372204 0.839440
43.000000 0.021212 0.367447 0.847351
43.000000 0.020657 0.368790 0.800327
43.000000 0.020510 0.391833 0.839178
43.000000 0.021233 0.382799 0.837126
43.000000 0.020787 0.381125 0.842516
43.000000 0.021006 0.411007 0.801950
43.000000 0.020727 0.395567 0.823526
43.000000 0.021301 0.389753 0.836400
43.000000 0.020411 0.392528 0.830035
43.000000 0.021133 0.406149 0.842386
43.000000 0.021143 0.412721 0.821764
43.000000 0.021355 0.384788 0.863090
43.000000 0.020989 0.379212 0.825400
43.000000 0.020515 0.383332 0.843216
43.000000 0.020543 0.372343 0.847890
44.000000 0.020741 0.414472 0.826666
44.000000 0.021240 0.424475 0.843137
44.000000 0.020775 0.401063 0.780610
44.000000 0.021552 0.435424 0.800843
44.000000 0.021244 0.389451 0.780638
44.000000 0.021091 0.411424 0.849494
44.000000 0.021399 0.397189 0.797476
44.000000 0.020615 0.416745 0.804948
44.000000 0.021444 0.381841 0.873536
44.000000 0.021179 0.413232 0.838090
44.000000 0.020361 0.389181 0.865420
44.000000 0.020640 0.409813 0.785805
44.000000 0.020525 0.407877 0.865217
44.000000 0.021225 0.381800 0.832989
44.000000 0.020325 0.392464 0.837472
44.000000 0.021236 0.368680 0.828902
44.000000 0.021087 0.419320 0.817645
44.000000 0.020994 0.377828 0.788363
44.000000 0.021229 0.401229 0.803393
44.000000 0.021017 0.388251 0.789083
45.000000 0.020645 0.401133 0.842040
45.000000 0.021304 0.400485 0.785355
45.000000 0.019987 0.404164 0.835003
45.000000 0.021343 0.417038 0.870808
45.000000 0.021730 0.403847 0.808975
45.000000 0.020941 0.413971 0.786023
45.000000 0.020650 0.418827 0.797493
45.000000 0.020657 0.409956 0.816631
45.000000 0.020863 0.384432 0.824994
45.000000 0.020673 0.400874 0.816062
45.000000 0.020890 0.410388 0.830993
45.000000 0.020748 0.406254 0.826147
45.000000 0.020790 0.406423 0.825198
45.000000 0.020432 0.419858 0.826910
45.000000 0.021625 0.390702 0.798770
45.000000 0.020675 0.409124 0.806881
45.000000 0.021321 0.411255 0.828033
45.000000 0.020960 0.424003 0.763480
45.000000 0.020852 0.407116 0.856319
45.000000 0.020663 0.394797 0.886078
46.000000 0.021202 0.397506 0.811314
46.000000 0.020646 0.429008 0.854959
46.000000 0.021496 0.428746 0.819179
46.000000 0.021137 0.410899 0.794358
46.000000 0.020577 0.413697 0.760749
46.000000 0.021787 0.437855 0.814246
46.000000 0.021355 0.423125 0.825969
46.000000 0.021256 0.411602 0.818026
46.000000 0.021248 0.433262 0.822825
46.000000 0.021015 0.427821 0.787129
46.000000 0.020760 0.433700 0.830697
46.000000 0.021263 0.440013 0.794736
46.000000 0.020979 0.416051 0.828525
46.000000 0.021284 0.394976 0.798327
46.000000 0.021107 0.415409 0.817039
46.000000 0.020848 0.412619 0.819246
46.000000 0.020862 0.447331 0.814988
46.000000 0.021308 0.414433 0.775536
46.000000 0.021124 0.411191 0.847133
46.000000 0.021302 0.447397 0.833396
47.000000 0.020692 0.438859 0.800369
47.000000 0.020772 0.447641 0.838739
47.000000 0.021153 0.440248 0.795284
47.000000 0.020433 0.433538 0.806650
47.000000 0.020790 0.441601 0.819573
47.000000 0.021110 0.453638 0.836121
47.000000 0.021183 0.416906 0.774468
47.000000 0.021461 0.426314 0.793539
47.000000 0.020556 0.429619 0.798775
47.000000 0.021006 0.435171 0.780179
47.000000 0.020636 0.436504 0.842343
47.000000 0.020366 0.433039 0.820384
47.000000 0.021185 0.448896 0.802457
47.000000 0.020592 0.414321 0.809097
47.000000 0.020535 0.466866 0.812049
47.000000 0.020919 0.400222 0.790187
47.000000 0.020947 0.440390 0.844233
47.000000 0.020674 0.429304 0.784885
47.000000 0.020731 0.414326 0.758438
47.000000 0.021285 0.427175 0.832635
48.000000 0.021149 0.450248 0.777858
48.000000 0.020902 0.433357 0.801366
48.000000 0.021046 0.453530 0.833476
48.000000 0.020857 0.435664 0.835736
48.000000 0.021250 0.419965 0.783354
48.000000 0.021015 0.428281 0.815527
48.000000 0.020495 0.438862 0.800650
48.000000 0.021610 0.437703 0.794458
48.000000 0.020712 0.455534 0.797876
48.000000 0.021207 0.460770 0.799967
48.000000 0.021538 0.482424 0.801562
48.000000 0.021448 0.451042 0.830025
48.000000 0.020474 0.467507 0.828006
48.000000 0.021150 0.415116 0.815923
48.000000 0.021224 0.448114 0.826160
48.000000 0.021623 0.441024 0.792347
48.000000 0.021481 0.430943 0.785327
48.000000 0.020691 0.455251 0.778873
48.000000 0.020679 0.443279 0.826895
48.000000 0.021508 0.446835 0.774494
49.000000 0.020799 0.460044 0.787009
49.000000 0.020267 0.452270 0.838905
49.000000 0.021137 0.458323 0.810063
49.000000 0.020686 0.447396 0.804782
49.000000 0.020979 0.461380 0.775500
49.000000 0.021095 0.437741 0.808817
49.000000 0.021279 0.437502 0.819686
49.000000 0.021382 0.499140 0.795322
49.000000 0.020958 0.445687 0.822059
49.000000 0.021082 0.480807 0.762714
49.000000 0.020922 0.446360 0.738386
49.000000 0.020988 0.469783 0.788647
49.000000 0.021576 0.422319 0.747718
49.000000 0.020850 0.441242 0.834518
49.000000 0.020518 0.455011 0.818610
49.000000 0.020592 0.487549 0.807138
49.000000 0.021241 0.456674 0.787858
49.000000 0.020539 0.467162 0.823926
49.000000 0.020965 0.447658 0.787372
49.000000 0.020784 0.430947 0.796421
50.000000 0.020650 0.490243 0.817902
50.000000 0.020562 0.498315 0.796183
50.000000 0.020611 0.456848 0.787047
50.000000 0.021007 0.442345 0.807826
50.000000 0.021370 0.455030 0.808310
50.000000 0.020610 0.497057 0.774283
50.000000 0.020593 0.503554 0.793625
50.000000 0.021377 0.450111 0.806915
50.000000 0.021497 0.503908 0.757440
50.000000 0.020872 0.496268 0.784906
50.000000 0.021173 0.455041 0.817615
50.000000 0.020960 0.461207 0.775832
50.000000 0.021018 0.449580 0.830403
50.000000 0.020921 0.517200 0.802519
50.000000 0.020387 0.471392 0.782018
50.000000 0.020674 0.489684 0.800109
50.000000 0.021267 0.495769 0.838245
50.000000 0.020918 0.491647 0.787924
50.000000 0.020575 0.500569 0.815935
50.000000 0.021181 0.459339 0.753833
51.000000 0.021144 0.492633 0.798127
51.000000 0.021896 0.505306 0.780037
51.000000 0.020753 0.493753 0.771822
51.000000 0.021625 0.487490 0.745602
51.000000 0.020406 0.453629 0.838959
51.000000 0.020612 0.491632 0.766652
51.000000 0.021278 0.484137 0.804487
51.000000 0.020696 0.490632 0.759608
51.000000 0.021108 0.478375 0.811316
51.000000 0.020778 0.486849 0.778578
51.000000 0.021236 0.468997 0.729864
51.000000 0.021064 0.507982 0.793671
51.000000 0.021585 0.475336 0.788543
51.000000 0.021039 0.476865 0.758943
51.000000 0.020742 0.502705 0.770617
51.000000 0.021262 0.467482 0.762242
51.000000 0.020716 0.489824 0.782737
51.000000 0.020684 0.485174 0.801040
51.000000 0.020850 0.471699 0.782075
51.000000 0.021142 0.481826 0.776643
52.000000 0.020962 0.526458 0.782752
52.000000 0.020446 0.499684 0.779345
52.000000 0.020855 0.486336 0.828112
52.000000 0.021061 0.515153 0.763527
52.000000 0.021229 0.507870 0.781776
52.000000 0.021967 0.495289 0.818125
52.000000 0.020808 0.496064 0.761025
52.000000 0.021555 0.450133 0.729672
52.000000 0.020874 0.509134 0.785666
52.000000 0.021400 0.514031 0.791113
52.000000 0.021275 0.519371 0.756588
52.000000 0.020796 0.496560 0.773624
52.000000 0.020905 0.496783 0.757598
52.000000 0.020806 0.544178 0.780331
52.000000 0.021469 0.487912 0.754173
52.000000 0.021194 0.544868 0.778474
52.000000 0.020575 0.532044 0.813382
52.000000 0.020611 0.493661 0.832013
52.000000 0.021246 0.480252 0.787601
52.000000 0.021366 0.491358 0.797872
53.000000 0.021007 0.551599 0.787071
53.000000 0.021265 0.519691 0.750069
53.000000 0.021423 0.515002 0.789302
53.000000 0.020625 0.523965 0.828083
53.000000 0.020921 0.554902 0.818575
53.000000 0.020696 0.521194 0.749861
53.000000 0.021019 0.535054 0.745579
53.000000 0.021469 0.492297 0.740893
53.000000 0.021394 0.534713 0.740855
53.000000 0.021135 0.530634 0.756293
53.000000 0.021040 0.551484 0.786457
53.000000 0.021229 0.529807 0.760025
53.000000 0.020892 0.558837 0.771241
53.000000 0.020728 0.532425 0.751602
53.000000 0.020967 0.513824 0.797780
53.000000 0.021183 0.529008 0.772544
53.000000 0.021099 0.534588 0.768374
53.000000 0.021290 0.491238 0.767179
53.000000 0.021333 0.519538 0.747043
53.000000 0.020241 0.548011 0.805029
54.000000 0.021772 0.547041 0.743957
54.000000 0.021904 0.496911 0.716894
54.000000 0.020960 0.557335 0.820984
54.000000 0.020888 0.559114 0.748954
54.000000 0.020992 0.520611 0.739834
54.000000 0.021242 0.559142 0.752149
54.000000 0.021114 0.554266 0.748828
54.000000 0.020856 0.515753 0.759742
54.000000 0.021153 0.517754 0.757287
54.000000 0.020389 0.584095 0.776361
54.000000 0.020879 0.586229 0.781953
54.000000 0.021181 0.524112 0.742552
54.000000 0.021133 0.521643 0.781350
54.000000 0.021196 0.547661 0.775770
54.000000 0.021183 0.514401 0.767340
54.000000 0.020875 0.502573 0.780327
54.000000 0.021607 0.535571 0.740816
54.000000 0.020990 0.519182 0.743856
54.000000 0.021042 0.528170 0.735844
54.000000 0.020822 0.528760 0.753487
55.000000 0.020930 0.553247 0.745471
55.000000 0.021731 0.579922 0.742428
55.000000 0.020891 0.565803 0.762696
55.000000 0.021053 0.617660 0.760475
55.000000 0.020971 0.532579 0.728454
55.000000 0.021372 0.542532 0.704334
55.000000 0.021232 0.552922 0.740577
55.000000 0.021279 0.554497 0.760831
55.000000 0.021147 0.561138 0.756741
55.000000 0.020589 0.562358 0.737219
55.000000 0.021267 0.548120 0.727599
55.000000 0.021110 0.527564 0.757996
55.000000 0.020844 0.551260 0.727362
55.000000 0.021202 0.586558 0.766450
55.000000 0.021082 0.536765 0.760548
55.000000 0.021775 0.537767 0.761884
55.000000 0.020935 0.539446 0.734351
55.000000 0.021393 0.553773 0.735705
55.000000 0.021785 0.539187 0.768513
55.000000 0.021136 0.594308 0.738953
56.000000 0.021102 0.593193 0.738643
56.000000 0.021202 0.581835 0.760043
56.000000 0.021455 0.588499 0.737810
56.000000 0.021484 0.608929 0.758565
56.000000 0.021075 0.555147 0.731849
56.000000 0.022069 0.581353 0.718308
56.000000 0.020813 0.572358 0.741859
56.000000 0.020878 0.577410 0.764510
56.000000 0.021056 0.514614 0.754013
56.000000 0.021084 0.606853 0.718975
56.000000 0.021101 0.550309 0.763020
56.000000 0.021459 0.581438 0.776079
56.000000 0.021274 0.582085 0.728276
56.000000 0.021348 0.570007 0.752738
56.000000 0.021122 0.578327 0.727007
56.000000 0.021715 0.580117 0.719248
56.000000 0.021324 0.520617 0.742795
56.000000 0.020895 0.592595 0.762344
56.000000 0.021091 0.560754 0.747653
56.000000 0.020648 0.592762 0.747428
57.000000 0.021302 0.623567 0.734474
57.000000 0.021288 0.596378 0.771586
57.000000 0.022016 0.539706 0.671116
57.000000 0.022204 0.545601 0.705456
57.000000 0.021138 0.607778 0.759135
57.000000 0.021244 0.585860 0.758619
57.000000 0.021342 0.651385 0.759869
57.000000 0.021527 0.573575 0.702872
57.000000 0.021432 0.576769 0.723605
57.000000 0.021218 0.617369 0.747475
57.000000 0.021304 0.619555 0.759962
57.000000 0.021038 0.612899 0.765550
57.000000 0.020747 0.606002 0.741807
57.000000 0.020984 0.616294 0.714552
57.000000 0.020920 0.611008 0.747949
57.000000 0.020713 0.618112 0.740074
57.000000 0.021011 0.609636 0.736769
57.000000 0.021006 0.594190 0.761710
57.000000 0.021194 0.594428 0.709582
57.000000 0.021034 0.577530 0.730233
58.000000 0.021777 0.594213 0.712983
58.000000 0.020813 0.596432 0.696608
58.000000 0.021322 0.641222 0.755339
58.000000 0.021267 0.611822 0.765913
58.000000 0.021538 0.616911 0.721022
58.000000 0.021924 0.575510 0.733484
58.000000 0.020868 0.623115 0.727017
58.000000 0.020679 0.619289 0.768003
58.000000 0.021288 0.617106 0.740601
58.000000 0.021018 0.602893 0.733819
58.000000 0.020838 0.573006 0.747512
58.000000 0.020885 0.606771 0.741176
58.000000 0.020852 0.578695 0.719008
58.000000 0.020635 0.645261 0.731500
58.000000 0.020668 0.616718 0.699228
58.000000 0.020887 0.640122 0.763109
58.000000 0.021078 0.576715 0.776780
58.000000 0.021016 0.626767 0.795020
58.000000 0.021276 0.606151 0.693221
58.000000 0.020834 0.617718 0.739455
59.000000 0.021080 0.670365 0.741428
59.000000 0.021290 0.640003 0.728064
59.000000 0.021081 0.604233 0.694670
59.000000 0.021006 0.643296 0.695377
59.000000 0.021182 0.668352 0.710416
59.000000 0.021199 0.634444 0.709967
59.000000 0.021451 0.646496 0.698753
59.000000 0.021913 0.615101 0.694363
59.000000 0.021267 0.659693 0.696098
59.000000 0.021328 0.626827 0.726660
59.000000 0.021634 0.595302 0.721555
59.000000 0.021360 0.596830 0.683890
59.000000 0.021388 0.631288 0.704001
59.000000 0.021568 0.644892 0.691534
59.000000 0.021116 0.654539 0.707703
59.000000 0.021298 0.635892 0.732946
59.000000 0.021670 0.642609 0.702388
59.000000 0.021918 0.620971 0.701000
59.000000 0.021961 0.603894 0.673185
59.000000 0.021101 0.611544 0.717419
60.000000 0.021353 0.646972 0.712203
60.000000 0.020945 0.678410 0.705133
60.000000 0.021845 0.640378 0.695360
60.000000 0.021332 0.681661 0.755234
60.000000 0.020962 0.621280 0.710934
60.000000 0.021752 0.643332 0.676794
60.000000 0.021474 0.659853 0.702907
60.000000 0.020937 0.681759 0.690539
60.000000 0.021453 0.622945 0.735006
60.000000 0.020907 0.649748 0.730837
60.000000 0.021160 0.642405 0.706362
60.000000 0.021801 0.615172 0.747964
60.000000 0.021239 0.636071 0.750479
60.000000 0.021383 0.655479 0.734058
60.000000 0.021312 0.654880 0.689337
60.000000 0.020876 0.633969 0.687970
60.000000 0.021062 0.625829 0.688089
60.000000 0.021177 0.584592 0.675873
60.000000 0.021207 0.693630 0.690569
60.000000 0.021442 0.669440 0.666781
61.000000 0.021590 0.649784 0.712897
61.000000 0.021178 0.691396 0.713834
61.000000 0.021298 0.628575 0.734951
61.000000 0.021349 0.652869 0.724323
61.000000 0.021279 0.606461 0.695505
61.000000 0.021493 0.639924 0.679336
61.000000 0.021193 0.649564 0.668810
61.000000 0.021213 0.685309 0.701252
61.000000 0.020952 0.641329 0.693042
61.000000 0.020873 0.658225 0.640163
61.000000 0.021236 0.642477 0.730017
61.000000 0.021309 0.661498 0.654471
61.000000 0.021325 0.686421 0.706817
61.000000 0.021652 0.648622 0.668722
61.000000 0.021067 0.661355 0.700543
61.000000 0.021395 0.674012 0.706529
61.000000 0.021921 0.644545 0.703811
61.000000 0.021162 0.634811 0.714533
61.000000 0.021039 0.631108 0.684109
61.000000 0.020878 0.653696 0.682614
62.000000 0.021949 0.704901 0.694436
62.000000 0.021339 0.681169 0.645734
62.000000 0.021383 0.701527 0.660175
62.000000 0.021358 0.686247 0.661431
62.000000 0.021337 0.713205 0.661842
62.000000 0.021593 0.695184 0.692283
62.000000 0.021042 0.615428 0.643177
62.000000 0.021285 0.669081 0.709214
62.000000 0.021596 0.677456 0.679996
62.000000 0.021224 0.682541 0.689141
62.000000 0.021716 0.676351 0.678922
62.000000 0.021073 0.664470 0.688951
62.000000 0.020901 0.705006 0.688314
62.000000 0.021206 0.728883 0.697876
62.000000 0.021379 0.726614 0.698208
62.000000 0.021572 0.692048 0.670680
62.000000 0.020693 0.651737 0.673664
62.000000 0.021622 0.654772 0.657765
62.000000 0.020891 0.698104 0.705830
62.000000 0.021453 0.674887 0.717758
63.000000 0.021165 0.705375 0.671951
63.000000 0.021619 0.680581 0.655153
63.000000 0.020994 0.693468 0.661987
63.000000 0.021522 0.696385 0.677421
63.000000 0.021544 0.678650 0.654299
63.000000 0.021564 0.686649 0.676586
63.000000 0.021313 0.671990 0.642322
63.000000 0.021512 0.727883 0.712530
63.000000 0.021061 0.663245 0.658517
63.000000 0.021238 0.698628 0.689378
63.000000 0.020845 0.708773 0.667335
63.000000 0.021764 0.661508 0.642895
63.000000 0.021441 0.653346 0.659873
63.000000 0.021199 0.709953 0.654118
63.000000 0.021008 0.676600 0.662090
63.000000 0.021119 0.738880 0.676761
63.000000 0.020950 0.672423 0.662552
63.000000 0.021733 0.677823 0.680558
63.000000 0.021091 0.684200 0.706662
63.000000 0.021490 0.676994 0.652284
64.000000 0.021107 0.672736 0.609856
64.000000 0.021622 0.718824 0.665939
64.000000 0.021276 0.741510 0.687299
64.000000 0.021885 0.674857 0.640633
64.000000 0.021345 0.708468 0.643554
64.000000 0.021547 0.715642 0.669273
64.000000 0.021360 0.706395 0.635524
64.000000 0.021435 0.722415 0.643783
64.000000 0.021344 0.729422 0.669708
64.000000 0.021418 0.683913 0.643795
64.000000 0.021476 0.711560 0.622134
64.000000 0.021707 0.675215 0.652174
64.000000 0.021658 0.697025 0.627217
64.000000 0.021236 0.696299 0.657415
64.000000 0.020915 0.699082 0.650015
64.000000 0.021137 0.745061 0.693966
64.000000 0.021356 0.702496 0.651262
64.000000 0.021393 0.721225 0.638309
64.000000 0.021530 0.687189 0.634738
64.000000 0.021434 0.731104 0.658602
65.000000 0.021474 0.740598 0.679587
65.000000 0.021116 0.703533 0.653430
65.000000 0.021682 0.690338 0.628329
65.000000 0.021632 0.743654 0.672252
65.000000 0.021704 0.760605 0.636796
65.000000 0.021981 0.770821 0.650111
65.000000 0.021641 0.751098 0.645972
65.000000 0.021344 0.743803 0.662254
65.000000 0.021274 0.757305 0.659708
65.000000 0.021033 0.740675 0.663465
65.000000 0.021435 0.763071 0.673271
65.000000 0.020941 0.719963 0.659385
65.000000 0.021272 0.740998 0.662067
65.000000 0.021485 0.726728 0.672107
65.000000 0.021800 0.711848 0.608982
65.000000 0.021297 0.699473 0.605921
65.000000 0.020984 0.733971 0.650510
65.000000 0.021587 0.689581 0.644478
65.000000 0.021482 0.711811 0.610124
65.000000 0.021955 0.741837 0.617931
66.000000 0.021663 0.734218 0.573723
66.000000 0.021359 0.804308 0.666020
66.000000 0.021719 0.744096 0.679437
66.000000 0.021435 0.770418 0.677881
66.000000 0.021447 0.739458 0.650951
66.000000 0.021405 0.783547 0.665260
66.000000 0.021520 0.704758 0.534149
66.000000 0.021396 0.754429 0.626634
66.000000 0.021424 0.754267 0.646899
66.000000 0.021487 0.760408 0.648923
66.000000 0.021536 0.741801 0.600205
66.000000 0.021447 0.742113 0.634443
66.000000 0.022233 0.742676 0.629489
66.000000 0.021347 0.755747 0.635465
66.000000 0.021739 0.779398 0.650880
66.000000 0.022030 0.707976 0.620575
66.000000 0.021531 0.728850 0.644465
66.000000 0.021815 0.771529 0.660439
66.000000 0.021013 0.724022 0.630080
66.000000 0.021424 0.767933 0.636718
