11.000000 0.017878 0.184274 0.946353
11.000000 0.017204 0.184976 0.939186
11.000000 0.018531 0.195637 0.958955
11.000000 0.018619 0.195774 0.923939
11.000000 0.018463 0.193972 0.907141
11.000000 0.018199 0.183923 0.943908
11.000000 0.017679 0.197513 0.972993
11.000000 0.018532 0.195327 0.965194
11.000000 0.018088 0.187927 0.941188
11.000000 0.018749 0.189101 0.916234
11.000000 0.019322 0.202896 0.894518
11.000000 0.018982 0.195386 0.942136
11.000000 0.019530 0.184613 0.947753
11.000000 0.018429 0.186582 0.959841
11.000000 0.018768 0.187567 0.935957
11.000000 0.018632 0.181688 0.982377
11.000000 0.018536 0.198581 0.965655
11.000000 0.018544 0.181099 0.960873
11.000000 0.018802 0.200242 0.916387
11.000000 0.018812 0.197438 0.937445
12.000000 0.019560 0.204358 0.953114
12.000000 0.019423 0.218415 0.885130
12.000000 0.018696 0.193651 0.939827
12.000000 0.018642 0.188391 0.948572
12.000000 0.018213 0.200199 0.932896
12.000000 0.018225 0.194408 0.951580
12.000000 0.018178 0.197780 0.922074
12.000000 0.018710 0.203574 0.919261
12.000000 0.018943 0.207838 0.922889
12.000000 0.018697 0.184879 0.938679
12.000000 0.018439 0.187950 0.942975
12.000000 0.018144 0.180420 0.925885
12.000000 0.019092 0.200120 0.919148
12.000000 0.019705 0.190589 0.940798
12.000000 0.019206 0.195721 0.928643
12.000000 0.019522 0.202507 0.913492
12.000000 0.018007 0.192501 0.970288
12.000000 0.019646 0.202474 0.949664
12.000000 0.018364 0.198470 0.980497
12.000000 0.018976 0.191459 0.936380
13.000000 0.019989 0.212288 0.925288
13.000000 0.019464 0.208481 0.952158
13.000000 0.019493 0.187190 0.979855
13.000000 0.018925 0.195257 0.919285
13.000000 0.018160 0.202495 0.946584
13.000000 0.018608 0.195719 0.946098
13.000000 0.019438 0.202094 0.931798
13.000000 0.018508 0.197267 0.944970
13.000000 0.019562 0.191815 0.971683
13.000000 0.019343 0.191632 0.922920
13.000000 0.019116 0.208926 0.945754
13.000000 0.019532 0.200841 0.930702
13.000000 0.018387 0.184667 0.977230
13.000000 0.018188 0.200398 0.930069
13.000000 0.017978 0.193517 0.932896
13.000000 0.018376 0.193655 0.949215
13.000000 0.018855 0.200690 0.970745
13.000000 0.019708 0.196620 0.926245
13.000000 0.019045 0.192153 0.988641
13.000000 0.018464 0.207746 0.913320
14.000000 0.019759 0.210127 0.961692
14.000000 0.018281 0.206353 0.919026
14.000000 0.019762 0.194725 0.944227
14.000000 0.018435 0.182594 0.959732
14.000000 0.019342 0.202308 0.918374
14.000000 0.019943 0.199265 0.964015
14.000000 0.019199 0.195720 0.947988
14.000000 0.019787 0.206979 0.945327
14.000000 0.018959 0.205587 0.959255
14.000000 0.018185 0.191961 0.919472
14.000000 0.019463 0.216209 0.945835
14.000000 0.020427 0.200184 0.897776
14.000000 0.018992 0.190951 0.953401
14.000000 0.020145 0.190373 0.935474
14.000000 0.019257 0.193840 0.965584
14.000000 0.019485 0.197825 0.949942
14.000000 0.018953 0.191367 0.923347
14.000000 0.018519 0.193450 0.932665
14.000000 0.020067 0.202487 0.917975
14.000000 0.019650 0.206689 0.936140
15.000000 0.019408 0.198376 0.949471
15.000000 0.018377 0.202735 0.896210
15.000000 0.018589 0.201364 0.904170
15.000000 0.019881 0.195083 0.929157
15.000000 0.019653 0.207989 0.932045
15.000000 0.019073 0.215857 0.913689
15.000000 0.019332 0.195712 0.946222
15.000000 0.019248 0.186269 0.950782
15.000000 0.018674 0.201867 0.949571
15.000000 0.018267 0.195672 0.934740
15.000000 0.019462 0.193920 0.957076
15.000000 0.018890 0.208664 0.941506
15.000000 0.020264 0.198001 0.954006
15.000000 0.019109 0.202270 0.983554
15.000000 0.018822 0.200795 0.941778
15.000000 0.019433 0.195899 0.958502
15.000000 0.019922 0.202054 0.949433
15.000000 0.019084 0.200201 0.926502
15.000000 0.020326 0.193293 0.939126
15.000000 0.018880 0.187311 0.976666
16.000000 0.019699 0.194265 0.958746
16.000000 0.019321 0.195633 0.948967
16.000000 0.020075 0.206369 0.940294
16.000000 0.019314 0.189163 0.939721
16.000000 0.019121 0.207519 0.941200
16.000000 0.020133 0.206170 0.961308
16.000000 0.020354 0.208238 0.935204
16.000000 0.018937 0.201922 0.960345
16.000000 0.018942 0.189608 0.964996
16.000000 0.018821 0.199979 0.960410
16.000000 0.020072 0.212301 0.934017
16.000000 0.020275 0.231068 0.895192
16.000000 0.019135 0.198891 0.959179
16.000000 0.019715 0.198041 0.996992
16.000000 0.019141 0.199859 0.959240
16.000000 0.019411 0.195217 0.962935
16.000000 0.019579 0.203937 0.972365
16.000000 0.018810 0.192593 0.960994
16.000000 0.018888 0.195385 0.942778
16.000000 0.018919 0.203557 0.950654
17.000000 0.020039 0.208108 0.957104
17.000000 0.020264 0.198399 0.955736
17.000000 0.019236 0.199835 0.948057
17.000000 0.019116 0.201606 0.927132
17.000000 0.019354 0.207754 0.917445
17.000000 0.019602 0.228507 0.943595
17.000000 0.019048 0.194720 0.959154
17.000000 0.018545 0.196743 0.926487
17.000000 0.018942 0.202329 0.941110
17.000000 0.020813 0.193510 0.898920
17.000000 0.020030 0.207641 0.917924
17.000000 0.019105 0.197391 0.963093
17.000000 0.019208 0.199883 0.976681
17.000000 0.019953 0.204343 0.937324
17.000000 0.019728 0.210676 0.924118
17.000000 0.019143 0.206877 0.935311
17.000000 0.019556 0.203274 0.923200
17.000000 0.020274 0.206000 0.946206
17.000000 0.020053 0.200420 0.919039
17.000000 0.019378 0.209861 0.906578
18.000000 0.020830 0.197323 0.960495
18.000000 0.019830 0.202387 0.932714
18.000000 0.019966 0.204710 0.977297
18.000000 0.019076 0.195564 0.967759
18.000000 0.019264 0.210191 0.928282
18.000000 0.019402 0.213182 0.957621
18.000000 0.019421 0.201521 0.947689
18.000000 0.020291 0.199123 0.958446
18.000000 0.020321 0.209500 0.918557
18.000000 0.019524 0.215298 0.961893
18.000000 0.020128 0.213084 0.913559
18.000000 0.018775 0.204998 0.921181
18.000000 0.019756 0.203837 0.923389
18.000000 0.018515 0.194845 0.982846
18.000000 0.019484 0.205167 0.926472
18.000000 0.019668 0.204844 0.943298
18.000000 0.019469 0.213019 0.975448
18.000000 0.019407 0.202621 0.947868
18.000000 0.019442 0.209341 0.970716
18.000000 0.019555 0.205474 0.917558
19.000000 0.020293 0.207686 0.910844
19.000000 0.020152 0.219471 0.910300
19.000000 0.019905 0.209648 0.937939
19.000000 0.020017 0.201304 0.946318
19.000000 0.018925 0.208077 0.922095
19.000000 0.020033 0.205310 0.939411
19.000000 0.020539 0.200813 0.960603
19.000000 0.018930 0.200543 0.956432
19.000000 0.020570 0.209682 0.942231
19.000000 0.020356 0.208183 0.906629
19.000000 0.019781 0.204793 0.926784
19.000000 0.019419 0.214836 0.919964
19.000000 0.020589 0.197768 0.958620
19.000000 0.019795 0.212630 0.936508
19.000000 0.020652 0.228214 0.880719
19.000000 0.019512 0.193503 0.936254
19.000000 0.019171 0.205486 0.938208
19.000000 0.019830 0.203745 0.895738
19.000000 0.018526 0.213718 0.950654
19.000000 0.019398 0.216821 0.945389
20.000000 0.020410 0.218757 0.933851
20.000000 0.020034 0.216618 0.940466
20.000000 0.020481 0.206666 0.919120
20.000000 0.019618 0.203278 0.964299
20.000000 0.019448 0.211947 0.930848
20.000000 0.020179 0.213123 0.912904
20.000000 0.019411 0.202401 0.946657
20.000000 0.020360 0.206638 0.949173
20.000000 0.019896 0.204981 0.958025
20.000000 0.020448 0.215103 0.943111
20.000000 0.019350 0.207822 0.928039
20.000000 0.019805 0.204323 0.935202
20.000000 0.019376 0.204256 0.918300
20.000000 0.019975 0.202715 0.926143
20.000000 0.019685 0.202628 0.921654
20.000000 0.020411 0.212090 0.890231
20.000000 0.019813 0.199910 0.969008
20.000000 0.019885 0.223845 0.893140
20.000000 0.019650 0.206711 0.929313
20.000000 0.019102 0.214965 0.955801
21.000000 0.019098 0.246834 0.911459
21.000000 0.019859 0.208771 0.938114
21.000000 0.019377 0.224654 0.898596
21.000000 0.019874 0.206444 0.926236
21.000000 0.019429 0.227510 0.911143
21.000000 0.019293 0.215968 0.954904
21.000000 0.019827 0.221715 0.888399
21.000000 0.019642 0.206366 0.955802
21.000000 0.019882 0.203999 0.933745
21.000000 0.019330 0.205189 0.935885
21.000000 0.019884 0.213777 0.938290
21.000000 0.019272 0.202969 0.964134
21.000000 0.019455 0.209665 0.945479
21.000000 0.020219 0.191346 0.946533
21.000000 0.019896 0.217913 0.933602
21.000000 0.019630 0.213310 0.937433
21.000000 0.020275 0.209413 0.957103
21.000000 0.020165 0.211497 0.953129
21.000000 0.019857 0.204111 0.912430
21.000000 0.020417 0.214192 0.955972
22.000000 0.020407 0.210019 0.926838
22.000000 0.020375 0.210041 0.931369
22.000000 0.020272 0.214030 0.930763
22.000000 0.019961 0.202160 0.933421
22.000000 0.020451 0.212171 0.916849
22.000000 0.020594 0.207127 0.944156
22.000000 0.019983 0.219449 0.895561
22.000000 0.020122 0.205280 0.934684
22.000000 0.019888 0.202907 0.939440
22.000000 0.020175 0.204397 0.924181
22.000000 0.019964 0.203638 0.928637
22.000000 0.020726 0.209182 0.959144
22.000000 0.020336 0.215682 0.926659
22.000000 0.019607 0.198097 0.939850
22.000000 0.020693 0.211566 0.913902
22.000000 0.020179 0.215403 0.900895
22.000000 0.020452 0.226902 0.893145
22.000000 0.019265 0.215010 0.937334
22.000000 0.020229 0.201373 0.923573
22.000000 0.020286 0.207114 0.918139
23.000000 0.020024 0.214600 0.973445
23.000000 0.019880 0.216768 0.934113
23.000000 0.020124 0.209192 0.923152
23.000000 0.020242 0.216236 0.866222
23.000000 0.019949 0.207132 0.926793
23.000000 0.020107 0.215694 0.907011
23.000000 0.020141 0.222359 0.893473
23.000000 0.019247 0.210440 0.939910
23.000000 0.019518 0.221833 0.882302
23.000000 0.019687 0.208059 0.948452
23.000000 0.020207 0.219476 0.897288
23.000000 0.019876 0.204638 0.912556
23.000000 0.020040 0.210249 0.946711
23.000000 0.019983 0.205126 0.899163
23.000000 0.019571 0.222495 0.929735
23.000000 0.020594 0.212298 0.934534
23.000000 0.019350 0.234518 0.904000
23.000000 0.019913 0.211269 0.933540
23.000000 0.018962 0.203343 0.922939
23.000000 0.021253 0.215199 0.892936
24.000000 0.019910 0.210719 0.933691
24.000000 0.020093 0.224114 0.901320
24.000000 0.019836 0.221727 0.949377
24.000000 0.020062 0.210535 0.923648
24.000000 0.019538 0.202025 0.916941
24.000000 0.019638 0.206313 0.923919
24.000000 0.019554 0.214132 0.919442
24.000000 0.020126 0.216968 0.915028
24.000000 0.020194 0.215268 0.920662
24.000000 0.020310 0.218863 0.909021
24.000000 0.020102 0.210580 0.937698
24.000000 0.019919 0.212183 0.919566
24.000000 0.020804 0.213390 0.946738
24.000000 0.021126 0.223487 0.888776
24.000000 0.020722 0.227255 0.910930
24.000000 0.020187 0.214376 0.905652
24.000000 0.019994 0.216857 0.898290
24.000000 0.019893 0.209174 0.936384
24.000000 0.020732 0.232302 0.895293
24.000000 0.020418 0.216711 0.873722
25.000000 0.019585 0.214946 0.932871
25.000000 0.020241 0.217923 0.936511
25.000000 0.020035 0.209876 0.898692
25.000000 0.019926 0.223071 0.939946
25.000000 0.020459 0.223623 0.871139
25.000000 0.020000 0.214627 0.921901
25.000000 0.020348 0.213953 0.934814
25.000000 0.020065 0.222603 0.942470
25.000000 0.019632 0.216698 0.920671
25.000000 0.020419 0.237257 0.878496
25.000000 0.019785 0.217936 0.936423
25.000000 0.020617 0.214610 0.929775
25.000000 0.019915 0.218971 0.899869
25.000000 0.020245 0.219768 0.919108
25.000000 0.019807 0.205753 0.903813
25.000000 0.020835 0.220442 0.895549
25.000000 0.019998 0.208667 0.920718
25.000000 0.019800 0.208832 0.964625
25.000000 0.020229 0.226685 0.900317
25.000000 0.020029 0.221983 0.934510
26.000000 0.020225 0.211511 0.900015
26.000000 0.021495 0.238570 0.857760
26.000000 0.020143 0.229931 0.880133
26.000000 0.020072 0.221321 0.879111
26.000000 0.020315 0.233385 0.911425
26.000000 0.019750 0.220212 0.905593
26.000000 0.019720 0.230798 0.881785
26.000000 0.020061 0.201144 0.929060
26.000000 0.020520 0.236829 0.920712
26.000000 0.020754 0.223916 0.885245
26.000000 0.020019 0.218691 0.910221
26.000000 0.019924 0.214434 0.888773
26.000000 0.020513 0.223039 0.918750
26.000000 0.019678 0.216119 0.900111
26.000000 0.019885 0.228841 0.881110
26.000000 0.019819 0.227663 0.938085
26.000000 0.019650 0.234589 0.890426
26.000000 0.020195 0.224192 0.899756
26.000000 0.019439 0.216832 0.900843
26.000000 0.020482 0.223205 0.892423
27.000000 0.020033 0.218067 0.914418
27.000000 0.020360 0.217258 0.918929
27.000000 0.020215 0.232365 0.901360
27.000000 0.019741 0.219825 0.929803
27.000000 0.020539 0.209873 0.928779
27.000000 0.021383 0.230399 0.889476
27.000000 0.021222 0.239106 0.883409
27.000000 0.020161 0.209173 0.943425
27.000000 0.020336 0.230792 0.886039
27.000000 0.020156 0.213506 0.924683
27.000000 0.021257 0.233819 0.891494
27.000000 0.019284 0.219955 0.904803
27.000000 0.020375 0.212057 0.904847
27.000000 0.019995 0.209081 0.945554
27.000000 0.020423 0.220411 0.904352
27.000000 0.021301 0.232014 0.908411
27.000000 0.020491 0.224105 0.927251
27.000000 0.019539 0.212973 0.918708
27.000000 0.020230 0.220797 0.902839
27.000000 0.020325 0.219362 0.924372
28.000000 0.019979 0.216724 0.896373
28.000000 0.020272 0.224612 0.889826
28.000000 0.020126 0.238916 0.873891
28.000000 0.020428 0.228402 0.890484
28.000000 0.020002 0.217683 0.939542
28.000000 0.020618 0.230950 0.893397
28.000000 0.020238 0.231756 0.877495
28.000000 0.019642 0.221751 0.907435
28.000000 0.020719 0.238552 0.881073
28.000000 0.020504 0.218841 0.911137
28.000000 0.020922 0.227863 0.865256
28.000000 0.020263 0.217854 0.923946
28.000000 0.019945 0.222683 0.911201
28.000000 0.020261 0.225877 0.885408
28.000000 0.020270 0.220543 0.913319
28.000000 0.020895 0.238011 0.886670
28.000000 0.019817 0.221026 0.895227
28.000000 0.019775 0.217599 0.955102
28.000000 0.019636 0.216355 0.938170
28.000000 0.019371 0.218688 0.898132
29.000000 0.019892 0.220161 0.888713
29.000000 0.020004 0.221393 0.918029
29.000000 0.019447 0.229623 0.898701
29.000000 0.020652 0.229438 0.907389
29.000000 0.020485 0.224127 0.906625
29.000000 0.019922 0.223577 0.898141
29.000000 0.019606 0.228332 0.972842
29.000000 0.019908 0.228543 0.926182
29.000000 0.019441 0.239737 0.917309
29.000000 0.020696 0.230579 0.905114
29.000000 0.020176 0.216712 0.938396
29.000000 0.020064 0.224402 0.908014
29.000000 0.019602 0.228212 0.923207
29.000000 0.019407 0.217003 0.904178
29.000000 0.020141 0.228828 0.913528
29.000000 0.019515 0.226693 0.914900
29.000000 0.021269 0.234562 0.858873
29.000000 0.019598 0.218297 0.940119
29.000000 0.019480 0.219689 0.873698
29.000000 0.020164 0.226914 0.905109
30.000000 0.020080 0.228821 0.886358
30.000000 0.020702 0.244832 0.910975
30.000000 0.020788 0.227115 0.888302
30.000000 0.020493 0.232301 0.907078
30.000000 0.019662 0.234969 0.880118
30.000000 0.020481 0.226218 0.863711
30.000000 0.020669 0.217326 0.916901
30.000000 0.020358 0.225215 0.889050
30.000000 0.020702 0.221071 0.885776
30.000000 0.020348 0.224023 0.911640
30.000000 0.019989 0.232816 0.908005
30.000000 0.020067 0.229679 0.963637
30.000000 0.021479 0.222904 0.891073
30.000000 0.021131 0.240360 0.883400
30.000000 0.021078 0.224094 0.884936
30.000000 0.020670 0.222660 0.908864
30.000000 0.020896 0.227371 0.867542
30.000000 0.020768 0.220442 0.875294
30.000000 0.020290 0.221398 0.889152
30.000000 0.020521 0.234235 0.897834
31.000000 0.021027 0.228436 0.903681
31.000000 0.020685 0.244968 0.883188
31.000000 0.020263 0.239393 0.894787
31.000000 0.020342 0.226121 0.924061
31.000000 0.020112 0.227514 0.904735
31.000000 0.021160 0.223492 0.925323
31.000000 0.020028 0.216050 0.894070
31.000000 0.020589 0.230196 0.918019
31.000000 0.019888 0.225832 0.896397
31.000000 0.020608 0.224056 0.890733
31.000000 0.019755 0.236089 0.851959
31.000000 0.020205 0.226635 0.877738
31.000000 0.020275 0.224642 0.935627
31.000000 0.020468 0.233010 0.887538
31.000000 0.019667 0.220649 0.920118
31.000000 0.020273 0.241012 0.900421
31.000000 0.020983 0.219952 0.842769
31.000000 0.020632 0.226098 0.925193
31.000000 0.019848 0.224127 0.911696
31.000000 0.020427 0.228526 0.889965
32.000000 0.020927 0.238359 0.865230
32.000000 0.020941 0.235180 0.855411
32.000000 0.020104 0.227367 0.853251
32.000000 0.020199 0.240939 0.897614
32.000000 0.020710 0.231118 0.901668
32.000000 0.020295 0.237626 0.871207
32.000000 0.020365 0.226464 0.901690
32.000000 0.020285 0.244348 0.879326
32.000000 0.020584 0.229821 0.895650
32.000000 0.020073 0.235029 0.902390
32.000000 0.020868 0.230169 0.891316
32.000000 0.020240 0.235816 0.880471
32.000000 0.020788 0.232564 0.873336
32.000000 0.019958 0.231044 0.960504
32.000000 0.020284 0.234946 0.898755
32.000000 0.020381 0.240043 0.875206
32.000000 0.020565 0.228606 0.888258
32.000000 0.020641 0.234821 0.879909
32.000000 0.019804 0.235617 0.908268
32.000000 0.020822 0.234008 0.881609
33.000000 0.019761 0.226079 0.910231
33.000000 0.020438 0.237657 0.908959
33.000000 0.020635 0.232813 0.875091
33.000000 0.020150 0.231412 0.887450
33.000000 0.020493 0.223467 0.915832
33.000000 0.020255 0.243504 0.882169
33.000000 0.020227 0.228901 0.880338
33.000000 0.020135 0.224902 0.940587
33.000000 0.020184 0.234330 0.902621
33.000000 0.019979 0.231483 0.893464
33.000000 0.020886 0.222120 0.893299
33.000000 0.020825 0.228929 0.887500
33.000000 0.019659 0.221814 0.922461
33.000000 0.021189 0.241817 0.826186
33.000000 0.020484 0.224847 0.872265
33.000000 0.020487 0.229228 0.882646
33.000000 0.020492 0.230248 0.884925
33.000000 0.020582 0.231019 0.908497
33.000000 0.019927 0.233602 0.924587
33.000000 0.020702 0.237337 0.843223
34.000000 0.019710 0.244173 0.885096
34.000000 0.020567 0.231967 0.912396
34.000000 0.020754 0.245717 0.878654
34.000000 0.020276 0.219331 0.906577
34.000000 0.020644 0.236603 0.871962
34.000000 0.020362 0.240737 0.845360
34.000000 0.020105 0.232190 0.889783
34.000000 0.020648 0.237739 0.913528
34.000000 0.020376 0.236894 0.895026
34.000000 0.020699 0.241013 0.853617
34.000000 0.020887 0.254889 0.818227
34.000000 0.020421 0.237212 0.908641
34.000000 0.020335 0.233417 0.872633
34.000000 0.020984 0.233568 0.886302
34.000000 0.020533 0.224225 0.913706
34.000000 0.020241 0.228745 0.934080
34.000000 0.020685 0.244970 0.855409
34.000000 0.019610 0.235835 0.900361
34.000000 0.020360 0.229413 0.877572
34.000000 0.020607 0.250872 0.886497
35.000000 0.021333 0.229395 0.882219
35.000000 0.020468 0.234878 0.859000
35.000000 0.020924 0.254135 0.875733
35.000000 0.020942 0.245747 0.878179
35.000000 0.020684 0.230404 0.869353
35.000000 0.020650 0.226570 0.904781
35.000000 0.020184 0.245760 0.883514
35.000000 0.020328 0.229650 0.877995
35.000000 0.020281 0.232098 0.875238
35.000000 0.020326 0.249952 0.898304
35.000000 0.020365 0.225371 0.893775
35.000000 0.020707 0.244762 0.850826
35.000000 0.019907 0.231151 0.900863
35.000000 0.020305 0.233176 0.866223
35.000000 0.019742 0.239768 0.872404
35.000000 0.020959 0.232288 0.868975
35.000000 0.020549 0.230634 0.889905
35.000000 0.020365 0.222581 0.897702
35.000000 0.020270 0.234247 0.858159
35.000000 0.020029 0.236542 0.852177
36.000000 0.020394 0.224086 0.924034
36.000000 0.019291 0.247281 0.882373
36.000000 0.020799 0.234996 0.877995
36.000000 0.019878 0.239480 0.884735
36.000000 0.020518 0.244337 0.880382
36.000000 0.020475 0.232141 0.831698
36.000000 0.020436 0.235148 0.877749
36.000000 0.020411 0.238190 0.902558
36.000000 0.020154 0.244809 0.831313
36.000000 0.021004 0.238766 0.895861
36.000000 0.019987 0.242748 0.883101
36.000000 0.020787 0.235438 0.850131
36.000000 0.019956 0.244603 0.888753
36.000000 0.020248 0.237931 0.908935
36.000000 0.021581 0.238320 0.852599
36.000000 0.020068 0.230131 0.905089
36.000000 0.020645 0.231843 0.871998
36.000000 0.020678 0.236287 0.878991
36.000000 0.020181 0.243623 0.865716
36.000000 0.021085 0.239459 0.869652
37.000000 0.020595 0.246430 0.900500
37.000000 0.020458 0.254291 0.860163
37.000000 0.021297 0.229069 0.869658
37.000000 0.020367 0.228258 0.910689
37.000000 0.020572 0.229676 0.916285
37.000000 0.020537 0.239915 0.891654
37.000000 0.020811 0.237652 0.866986
37.000000 0.020278 0.235575 0.921913
37.000000 0.020999 0.245821 0.909637
37.000000 0.020406 0.243498 0.873277
37.000000 0.020302 0.247593 0.850093
37.000000 0.020395 0.236081 0.848282
37.000000 0.020596 0.245165 0.852575
37.000000 0.020548 0.230232 0.871960
37.000000 0.020281 0.240714 0.862196
37.000000 0.020812 0.234119 0.894486
37.000000 0.020404 0.252613 0.900776
37.000000 0.020325 0.245438 0.851066
37.000000 0.020488 0.235754 0.911190
37.000000 0.020185 0.243431 0.845377
38.000000 0.020972 0.248728 0.826823
38.000000 0.020387 0.253719 0.859086
38.000000 0.020913 0.231547 0.917372
38.000000 0.020187 0.239964 0.861496
38.000000 0.020848 0.252006 0.850577
38.000000 0.020513 0.243882 0.850552
38.000000 0.020248 0.255654 0.861596
38.000000 0.020467 0.234887 0.919720
38.000000 0.020582 0.247500 0.857675
38.000000 0.020688 0.248066 0.881632
38.000000 0.021308 0.240220 0.835666
38.000000 0.020615 0.236525 0.883118
38.000000 0.020863 0.265235 0.840122
38.000000 0.020000 0.251225 0.885150
38.000000 0.021183 0.241958 0.858409
38.000000 0.020371 0.256486 0.840166
38.000000 0.020343 0.249217 0.861253
38.000000 0.020284 0.242598 0.884786
38.000000 0.020235 0.250229 0.873612
38.000000 0.020600 0.240403 0.856094
39.000000 0.020430 0.246188 0.885485
39.000000 0.020228 0.248518 0.870553
39.000000 0.021150 0.251164 0.845298
39.000000 0.020625 0.236629 0.878781
39.000000 0.020538 0.239575 0.866977
39.000000 0.020127 0.247220 0.892249
39.000000 0.020439 0.244570 0.875495
39.000000 0.021285 0.239849 0.890464
39.000000 0.020982 0.245231 0.885130
39.000000 0.020602 0.246357 0.829623
39.000000 0.021173 0.253082 0.907158
39.000000 0.020442 0.246814 0.850799
39.000000 0.020895 0.254905 0.820323
39.000000 0.020509 0.243553 0.857152
39.000000 0.020785 0.244305 0.870778
39.000000 0.019479 0.251976 0.857132
39.000000 0.020741 0.242719 0.874375
39.000000 0.020573 0.251421 0.880285
39.000000 0.020707 0.249249 0.828615
39.000000 0.020558 0.245402 0.833768
40.000000 0.019881 0.253623 0.888796
40.000000 0.021108 0.261263 0.814843
40.000000 0.020544 0.247011 0.866626
40.000000 0.021013 0.257278 0.830732
40.000000 0.020328 0.240759 0.859792
40.000000 0.020648 0.245052 0.853572
40.000000 0.020440 0.245608 0.888423
40.000000 0.020736 0.243301 0.817556
40.000000 0.020184 0.247443 0.912017
40.000000 0.020359 0.255811 0.914649
40.000000 0.020153 0.257437 0.855699
40.000000 0.020467 0.242474 0.875765
40.000000 0.020038 0.248865 0.863083
40.000000 0.020598 0.244435 0.863053
40.000000 0.019913 0.244983 0.876667
40.000000 0.020949 0.247465 0.829440
40.000000 0.019919 0.251661 0.874844
40.000000 0.020688 0.254832 0.869289
40.000000 0.020885 0.262044 0.834905
40.000000 0.020558 0.244447 0.894507
41.000000 0.020582 0.253152 0.817494
41.000000 0.020085 0.241623 0.882994
41.000000 0.020937 0.251263 0.849862
41.000000 0.020604 0.269772 0.826694
41.000000 0.020805 0.244880 0.841300
41.000000 0.020657 0.252430 0.825896
41.000000 0.021182 0.249341 0.863947
41.000000 0.020522 0.251850 0.874059
41.000000 0.021288 0.263859 0.812648
41.000000 0.021400 0.257926 0.806099
41.000000 0.020479 0.244416 0.897055
41.000000 0.020164 0.243978 0.860234
41.000000 0.020325 0.252990 0.872769
41.000000 0.020396 0.257925 0.836462
41.000000 0.020272 0.248201 0.896317
41.000000 0.020119 0.252095 0.859269
41.000000 0.020668 0.257164 0.819704
41.000000 0.020522 0.259423 0.863699
41.000000 0.020342 0.250178 0.899623
41.000000 0.020543 0.242694 0.895462
42.000000 0.021108 0.248438 0.828514
42.000000 0.020101 0.262477 0.845434
42.000000 0.019913 0.253315 0.856775
42.000000 0.020228 0.246417 0.869651
42.000000 0.021198 0.249399 0.853940
42.000000 0.020629 0.253166 0.883800
42.000000 0.020730 0.250594 0.869360
42.000000 0.020042 0.255716 0.833045
42.000000 0.020897 0.265839 0.812100
42.000000 0.020256 0.256381 0.867755
42.000000 0.020956 0.250175 0.879991
42.000000 0.019715 0.257186 0.894585
42.000000 0.019575 0.248922 0.845592
42.000000 0.020390 0.254314 0.833491
42.000000 0.020112 0.252854 0.862714
42.000000 0.020795 0.263818 0.863370
42.000000 0.020479 0.258768 0.863959
42.000000 0.021051 0.247271 0.840628
42.000000 0.020730 0.246023 0.895183
42.000000 0.020584 0.244748 0.871755
43.000000 0.020490 0.263492 0.917517
43.000000 0.019898 0.247408 0.846459
43.000000 0.020438 0.252901 0.860057
43.000000 0.021218 0.250372 0.886253
43.000000 0.020179 0.255497 0.859818
43.000000 0.020865 0.250270 0.823199
43.000000 0.020461 0.257239 0.840320
43.000000 0.020960 0.258279 0.840638
43.000000 0.020416 0.256928 0.891960
43.000000 0.020441 0.248409 0.881980
43.000000 0.019629 0.256577 0.885412
43.000000 0.020411 0.252104 0.835745
43.000000 0.020924 0.256217 0.832730
43.000000 0.020485 0.247665 0.853254
43.000000 0.020474 0.261484 0.836152
43.000000 0.020412 0.248648 0.866540
43.000000 0.019876 0.250933 0.837798
43.000000 0.020465 0.261674 0.822389
43.000000 0.020920 0.262555 0.760084
43.000000 0.020250 0.265938 0.859605
44.000000 0.020075 0.255159 0.828649
44.000000 0.019827 0.259184 0.842943
44.000000 0.020218 0.270199 0.814235
44.000000 0.020764 0.273426 0.821184
44.000000 0.020367 0.257274 0.829101
44.000000 0.020815 0.253145 0.852439
44.000000 0.021048 0.253450 0.830946
44.000000 0.020405 0.268197 0.823797
44.000000 0.020328 0.265682 0.823254
44.000000 0.021159 0.251484 0.824157
44.000000 0.020713 0.262638 0.857951
44.000000 0.020707 0.250781 0.852304
44.000000 0.020310 0.261083 0.856512
44.000000 0.020885 0.264239 0.842154
44.000000 0.020273 0.264450 0.842696
44.000000 0.020400 0.261724 0.816493
44.000000 0.020447 0.252797 0.821153
44.000000 0.020718 0.272098 0.776395
44.000000 0.020593 0.257296 0.852873
44.000000 0.020366 0.257523 0.873814
45.000000 0.020555 0.257352 0.823593
45.000000 0.019971 0.271044 0.810362
45.000000 0.020448 0.275644 0.836936
45.000000 0.020222 0.249702 0.872538
45.000000 0.020438 0.275271 0.791536
45.000000 0.020310 0.264840 0.812409
45.000000 0.020136 0.260894 0.885911
45.000000 0.020459 0.249340 0.837264
45.000000 0.020448 0.266582 0.840069
45.000000 0.020629 0.269107 0.801184
45.000000 0.020979 0.269498 0.825259
45.000000 0.020371 0.263425 0.840303
45.000000 0.020651 0.273008 0.817842
45.000000 0.020819 0.269724 0.814848
45.000000 0.020027 0.268382 0.902946
45.000000 0.020875 0.276332 0.847386
45.000000 0.020182 0.262873 0.855313
45.000000 0.020350 0.253097 0.859430
45.000000 0.020513 0.247917 0.851908
45.000000 0.021636 0.292497 0.775524
46.000000 0.021207 0.278659 0.766551
46.000000 0.020383 0.267981 0.853370
46.000000 0.020545 0.270728 0.823750
46.000000 0.020532 0.274634 0.820546
46.000000 0.020793 0.265139 0.872011
46.000000 0.020905 0.260035 0.795127
46.000000 0.020624 0.287719 0.805024
46.000000 0.020761 0.261848 0.843354
46.000000 0.021326 0.282686 0.774604
46.000000 0.020293 0.264127 0.828565
46.000000 0.021199 0.270863 0.788673
46.000000 0.020328 0.271520 0.847601
46.000000 0.020463 0.264040 0.827946
46.000000 0.020285 0.268993 0.863958
46.000000 0.020742 0.282021 0.864756
46.000000 0.020575 0.258557 0.836718
46.000000 0.021091 0.286672 0.800026
46.000000 0.020415 0.279723 0.808607
46.000000 0.020548 0.256507 0.839240
46.000000 0.020645 0.275151 0.804442
47.000000 0.020344 0.254117 0.863704
47.000000 0.020497 0.266597 0.824848
47.000000 0.020222 0.273005 0.828671
47.000000 0.021004 0.275233 0.755883
47.000000 0.020865 0.276102 0.820461
47.000000 0.020537 0.271478 0.851727
47.000000 0.020841 0.281090 0.797553
47.000000 0.020305 0.279222 0.811592
47.000000 0.020423 0.271933 0.800360
47.000000 0.020639 0.265894 0.866812
47.000000 0.021113 0.275852 0.831985
47.000000 0.020970 0.267444 0.788442
47.000000 0.020710 0.262451 0.834825
47.000000 0.020555 0.281155 0.830404
47.000000 0.020476 0.271688 0.820972
47.000000 0.021007 0.262073 0.793783
47.000000 0.020256 0.270574 0.825445
47.000000 0.020992 0.271524 0.821690
47.000000 0.020153 0.280530 0.908710
47.000000 0.020747 0.274328 0.787652
48.000000 0.020547 0.275825 0.832034
48.000000 0.020741 0.306881 0.844298
48.000000 0.020573 0.280948 0.833118
48.000000 0.020295 0.270868 0.836057
48.000000 0.020324 0.283915 0.852623
48.000000 0.020202 0.280844 0.783570
48.000000 0.020840 0.281113 0.801548
48.000000 0.020930 0.284389 0.788821
48.000000 0.020263 0.282353 0.867636
48.000000 0.020738 0.277577 0.820439
48.000000 0.020456 0.266653 0.848881
48.000000 0.020741 0.271812 0.846652
48.000000 0.020584 0.274436 0.802391
48.000000 0.020390 0.274089 0.874613
48.000000 0.020309 0.295961 0.844452
48.000000 0.020126 0.270720 0.815111
48.000000 0.020657 0.269217 0.801732
48.000000 0.021091 0.294168 0.782016
48.000000 0.020890 0.274007 0.817246
48.000000 0.021011 0.271285 0.839343
49.000000 0.020852 0.277267 0.811026
49.000000 0.020611 0.286870 0.796075
49.000000 0.021131 0.267617 0.838009
49.000000 0.020716 0.275948 0.811886
49.000000 0.020924 0.283656 0.771275
49.000000 0.020415 0.277461 0.804642
49.000000 0.020553 0.282754 0.851255
49.000000 0.020709 0.274758 0.818217
49.000000 0.020679 0.258378 0.842885
49.000000 0.021072 0.276237 0.833105
49.000000 0.020349 0.274582 0.837972
49.000000 0.020977 0.282042 0.786801
49.000000 0.020630 0.278100 0.848848
49.000000 0.020955 0.280481 0.793845
49.000000 0.020039 0.283993 0.813896
49.000000 0.021287 0.277391 0.814690
49.000000 0.020475 0.265525 0.843177
49.000000 0.021084 0.286741 0.804542
49.000000 0.020973 0.288956 0.779646
49.000000 0.020247 0.279517 0.795285
50.000000 0.021145 0.282744 0.768429
50.000000 0.020673 0.278839 0.785497
50.000000 0.020670 0.287357 0.803688
50.000000 0.020848 0.277082 0.810606
50.000000 0.021195 0.280849 0.792126
50.000000 0.020617 0.287958 0.779842
50.000000 0.020142 0.281305 0.840041
50.000000 0.020377 0.287932 0.808035
50.000000 0.020617 0.289240 0.840648
50.000000 0.020400 0.275126 0.844531
50.000000 0.020510 0.280846 0.812184
50.000000 0.020916 0.274609 0.829146
50.000000 0.020251 0.279361 0.806797
50.000000 0.020933 0.277717 0.798169
50.000000 0.020478 0.287881 0.809866
50.000000 0.020793 0.273797 0.787077
50.000000 0.020310 0.289982 0.786542
50.000000 0.020632 0.272554 0.885235
50.000000 0.020406 0.292662 0.803625
50.000000 0.020736 0.289812 0.799509
51.000000 0.021211 0.291291 0.766022
51.000000 0.021085 0.303136 0.730447
51.000000 0.020833 0.295997 0.771152
51.000000 0.020850 0.282804 0.791607
51.000000 0.020658 0.288143 0.778017
51.000000 0.020388 0.280121 0.819189
51.000000 0.019830 0.289085 0.795274
51.000000 0.020812 0.282746 0.815439
51.000000 0.020355 0.289283 0.836411
51.000000 0.020775 0.287502 0.774575
51.000000 0.021052 0.287370 0.796956
51.000000 0.021181 0.283439 0.830325
51.000000 0.020696 0.305415 0.803015
51.000000 0.020375 0.295729 0.799249
51.000000 0.020836 0.284431 0.780117
51.000000 0.021427 0.287921 0.840450
51.000000 0.020352 0.292201 0.821099
51.000000 0.020212 0.281661 0.860533
51.000000 0.020716 0.293403 0.759884
51.000000 0.021005 0.301097 0.827185
52.000000 0.020581 0.284640 0.802379
52.000000 0.020675 0.291116 0.809272
52.000000 0.020688 0.283089 0.758623
52.000000 0.020353 0.293684 0.767046
52.000000 0.020857 0.292018 0.809678
52.000000 0.021051 0.294956 0.770145
52.000000 0.020749 0.283406 0.776750
52.000000 0.020661 0.296156 0.788057
52.000000 0.020116 0.285451 0.811009
52.000000 0.020504 0.289636 0.812378
52.000000 0.020722 0.284967 0.819662
52.000000 0.021228 0.283928 0.797484
52.000000 0.020995 0.290646 0.775774
52.000000 0.020502 0.298511 0.799558
52.000000 0.020720 0.301095 0.761456
52.000000 0.020436 0.299358 0.805352
52.000000 0.020407 0.287447 0.799653
52.000000 0.020878 0.292005 0.804829
52.000000 0.020909 0.293674 0.770859
52.000000 0.020193 0.284641 0.796856
53.000000 0.020404 0.286923 0.831082
53.000000 0.020587 0.307132 0.740077
53.000000 0.020728 0.293904 0.832056
53.000000 0.020223 0.304475 0.783755
53.000000 0.020084 0.295994 0.811383
53.000000 0.020987 0.286940 0.745679
53.000000 0.019999 0.285315 0.800744
53.000000 0.020387 0.278606 0.782877
53.000000 0.021205 0.291639 0.808261
53.000000 0.020548 0.292863 0.767896
53.000000 0.020891 0.288604 0.814230
53.000000 0.020771 0.291728 0.788632
53.000000 0.020760 0.296808 0.794383
53.000000 0.020492 0.294163 0.799597
53.000000 0.020251 0.300052 0.821643
53.000000 0.020703 0.298407 0.801303
53.000000 0.020102 0.286929 0.782953
53.000000 0.020530 0.308542 0.797408
53.000000 0.020602 0.290891 0.785378
53.000000 0.020959 0.302120 0.785684
54.000000 0.020013 0.299658 0.764459
54.000000 0.020322 0.312815 0.760747
54.000000 0.020561 0.295033 0.783747
54.000000 0.020932 0.299554 0.728829
54.000000 0.020630 0.297746 0.777829
54.000000 0.021250 0.308215 0.762882
54.000000 0.020869 0.292207 0.799970
54.000000 0.020028 0.310312 0.782147
54.000000 0.020521 0.298336 0.788595
54.000000 0.020353 0.290459 0.803141
54.000000 0.020224 0.306831 0.785192
54.000000 0.020675 0.322768 0.781356
54.000000 0.020267 0.300729 0.790670
54.000000 0.020108 0.302381 0.803934
54.000000 0.020439 0.300415 0.796908
54.000000 0.021022 0.303678 0.776567
54.000000 0.020687 0.299784 0.769426
54.000000 0.020224 0.293048 0.839972
54.000000 0.020772 0.310638 0.754426
54.000000 0.020478 0.303735 0.784716
55.000000 0.020804 0.295211 0.786118
55.000000 0.020775 0.308233 0.765781
55.000000 0.020087 0.310875 0.793335
55.000000 0.020335 0.304075 0.780762
55.000000 0.020968 0.314146 0.778222
55.000000 0.020606 0.307212 0.741376
55.000000 0.021162 0.302883 0.796199
55.000000 0.020072 0.303532 0.788141
55.000000 0.020256 0.315479 0.797800
55.000000 0.021107 0.298677 0.782324
55.000000 0.020155 0.314036 0.734234
55.000000 0.020747 0.302508 0.809791
55.000000 0.020297 0.309198 0.815080
55.000000 0.020835 0.300508 0.773054
55.000000 0.020908 0.305071 0.775048
55.000000 0.020730 0.305045 0.754809
55.000000 0.021149 0.295335 0.800770
55.000000 0.020730 0.300208 0.791155
55.000000 0.020836 0.311746 0.767453
55.000000 0.020228 0.296905 0.790679
56.000000 0.020850 0.307569 0.779931
56.000000 0.020836 0.311317 0.735282
56.000000 0.021068 0.322466 0.730417
56.000000 0.020504 0.317716 0.757038
56.000000 0.020850 0.332168 0.721548
56.000000 0.020069 0.313779 0.746108
56.000000 0.020595 0.309339 0.754478
56.000000 0.020576 0.315866 0.747623
56.000000 0.020542 0.308208 0.722913
56.000000 0.020742 0.316155 0.766878
56.000000 0.020493 0.319934 0.766509
56.000000 0.020886 0.325718 0.782153
56.000000 0.020884 0.317196 0.758123
56.000000 0.020955 0.319090 0.732767
56.000000 0.020181 0.307092 0.758538
56.000000 0.020679 0.329864 0.758312
56.000000 0.020644 0.307649 0.744834
56.000000 0.020748 0.315777 0.739743
56.000000 0.020775 0.319344 0.760262
56.000000 0.020184 0.320694 0.735218
57.000000 0.020138 0.327779 0.726840
57.000000 0.020886 0.310924 0.783453
57.000000 0.020434 0.320677 0.806181
57.000000 0.020388 0.318153 0.785108
57.000000 0.021075 0.324447 0.759549
57.000000 0.020497 0.331927 0.719708
57.000000 0.020298 0.313080 0.740609
57.000000 0.021278 0.318003 0.744745
57.000000 0.020017 0.323897 0.794450
57.000000 0.020641 0.326135 0.765272
57.000000 0.019899 0.308333 0.762280
57.000000 0.020165 0.319463 0.739865
57.000000 0.020658 0.320907 0.758916
57.000000 0.020857 0.317396 0.739431
57.000000 0.020982 0.310397 0.794234
57.000000 0.020937 0.322410 0.824141
57.000000 0.020445 0.312677 0.744286
57.000000 0.020484 0.335862 0.761605
57.000000 0.020250 0.312605 0.823644
57.000000 0.020848 0.322179 0.740185
58.000000 0.020548 0.341442 0.677178
58.000000 0.020359 0.320325 0.735048
58.000000 0.020578 0.326708 0.816967
58.000000 0.020312 0.323631 0.768735
58.000000 0.020633 0.320659 0.730805
58.000000 0.020752 0.325538 0.732669
58.000000 0.020062 0.330913 0.763074
58.000000 0.020262 0.331710 0.767350
58.000000 0.020233 0.310578 0.777537
58.000000 0.019829 0.343618 0.771870
58.000000 0.020292 0.340964 0.729016
58.000000 0.020773 0.331380 0.759337
58.000000 0.021097 0.323029 0.778406
58.000000 0.020762 0.324086 0.726198
58.000000 0.020535 0.325067 0.727613
58.000000 0.020162 0.325597 0.754353
58.000000 0.021195 0.340438 0.707685
58.000000 0.020383 0.330327 0.750497
58.000000 0.020577 0.324498 0.730420
58.000000 0.020048 0.327921 0.775125
59.000000 0.021161 0.332434 0.726554
59.000000 0.020036 0.324648 0.773344
59.000000 0.021095 0.324974 0.701429
59.000000 0.019839 0.357332 0.734953
59.000000 0.020307 0.342637 0.748129
59.000000 0.020501 0.321141 0.746769
59.000000 0.020782 0.330975 0.755704
59.000000 0.020182 0.333904 0.761699
59.000000 0.020199 0.331127 0.741537
59.000000 0.020811 0.323349 0.744710
59.000000 0.020811 0.333047 0.748550
59.000000 0.020781 0.342316 0.713670
59.000000 0.019947 0.337181 0.778711
59.000000 0.021139 0.329335 0.702644
59.000000 0.020505 0.313624 0.736692
59.000000 0.020685 0.350929 0.724169
59.000000 0.020789 0.338618 0.742772
59.000000 0.020290 0.327304 0.760044
59.000000 0.020430 0.316018 0.779511
59.000000 0.020855 0.338632 0.769969
60.000000 0.020368 0.329296 0.760329
60.000000 0.020356 0.334821 0.753494
60.000000 0.020838 0.337084 0.745900
60.000000 0.020285 0.340115 0.695032
60.000000 0.020695 0.321460 0.783179
60.000000 0.020807 0.319210 0.736577
60.000000 0.020512 0.328432 0.726774
60.000000 0.020538 0.347449 0.737737
60.000000 0.020263 0.331535 0.724272
60.000000 0.020503 0.333355 0.703124
60.000000 0.020385 0.330391 0.715632
60.000000 0.020657 0.334936 0.734580
60.000000 0.021008 0.342699 0.716200
60.000000 0.020224 0.330275 0.735453
60.000000 0.020605 0.327669 0.729976
60.000000 0.020487 0.323511 0.761795
60.000000 0.020547 0.332910 0.727216
60.000000 0.020408 0.322389 0.731142
60.000000 0.020582 0.344872 0.751243
60.000000 0.019966 0.333384 0.754560
61.000000 0.020857 0.345284 0.674855
61.000000 0.020267 0.342424 0.706114
61.000000 0.020281 0.329651 0.768275
61.000000 0.020657 0.369630 0.719671
61.000000 0.020704 0.336264 0.725520
61.000000 0.020618 0.349079 0.717530
61.000000 0.021143 0.344748 0.707837
61.000000 0.020384 0.332094 0.776173
61.000000 0.020442 0.338816 0.705435
61.000000 0.019968 0.344541 0.710855
61.000000 0.020641 0.381217 0.731897
61.000000 0.020408 0.342423 0.782359
61.000000 0.020952 0.344129 0.713932
61.000000 0.020601 0.334448 0.679214
61.000000 0.020441 0.334121 0.714888
61.000000 0.020423 0.348831 0.690329
61.000000 0.020838 0.362130 0.714101
61.000000 0.020925 0.340268 0.726756
61.000000 0.020463 0.332369 0.660692
61.000000 0.020096 0.346844 0.749593
62.000000 0.021082 0.378091 0.670917
62.000000 0.020154 0.360327 0.641752
62.000000 0.020510 0.348898 0.695112
62.000000 0.020922 0.338866 0.708669
62.000000 0.021274 0.345767 0.683059
62.000000 0.020716 0.353684 0.672630
62.000000 0.020668 0.349331 0.768292
62.000000 0.020621 0.363564 0.682432
62.000000 0.020766 0.347743 0.736581
62.000000 0.020583 0.357999 0.694684
62.000000 0.020964 0.357548 0.703521
62.000000 0.020844 0.369857 0.751744
62.000000 0.020621 0.350332 0.709670
62.000000 0.020332 0.358142 0.757734
62.000000 0.020552 0.362937 0.713597
62.000000 0.020496 0.359425 0.757738
62.000000 0.020539 0.367718 0.730034
62.000000 0.020377 0.368771 0.704418
62.000000 0.020050 0.343334 0.715854
62.000000 0.020882 0.378615 0.702499
63.000000 0.021261 0.367967 0.668853
63.000000 0.020367 0.364324 0.661308
63.000000 0.021038 0.371725 0.697411
63.000000 0.020702 0.356182 0.721052
63.000000 0.020618 0.362291 0.746241
63.000000 0.020282 0.358522 0.715734
63.000000 0.020553 0.388813 0.633735
63.000000 0.020430 0.392885 0.697656
63.000000 0.021441 0.354069 0.669693
63.000000 0.020680 0.347617 0.737226
63.000000 0.020732 0.365486 0.708633
63.000000 0.021045 0.370069 0.677078
63.000000 0.020301 0.372386 0.717378
63.000000 0.020211 0.352704 0.767699
63.000000 0.020686 0.389618 0.685908
63.000000 0.020745 0.378539 0.694257
63.000000 0.020665 0.361441 0.680876
63.000000 0.020307 0.365170 0.642602
63.000000 0.020607 0.371343 0.668215
63.000000 0.020572 0.385787 0.758968
64.000000 0.020598 0.379474 0.674980
64.000000 0.020759 0.359121 0.654567
64.000000 0.020376 0.368230 0.677129
64.000000 0.020219 0.350711 0.735361
64.000000 0.020236 0.370210 0.749497
64.000000 0.020330 0.372573 0.677322
64.000000 0.020896 0.360393 0.682439
64.000000 0.020222 0.417887 0.694990
64.000000 0.020876 0.374592 0.624880
64.000000 0.020388 0.376165 0.705346
64.000000 0.020484 0.373813 0.700826
64.000000 0.020320 0.362121 0.712624
64.000000 0.019752 0.381892 0.701352
64.000000 0.020406 0.383673 0.693146
64.000000 0.020035 0.397754 0.691389
64.000000 0.021040 0.365669 0.707664
64.000000 0.020488 0.378823 0.709217
64.000000 0.020343 0.391780 0.696544
64.000000 0.020702 0.368195 0.694330
64.000000 0.020032 0.379234 0.672652
65.000000 0.020187 0.385247 0.721137
65.000000 0.020364 0.368526 0.666411
65.000000 0.020337 0.388635 0.668968
65.000000 0.020175 0.386522 0.678722
65.000000 0.021153 0.399816 0.673616
65.000000 0.020635 0.366187 0.665936
65.000000 0.020238 0.405138 0.678683
65.000000 0.021247 0.386817 0.603783
65.000000 0.020417 0.360478 0.708092
65.000000 0.020356 0.386269 0.738114
65.000000 0.020458 0.367578 0.670162
65.000000 0.020427 0.380958 0.695958
65.000000 0.020537 0.382070 0.652482
65.000000 0.020522 0.383333 0.699672
65.000000 0.020672 0.380485 0.666337
65.000000 0.021114 0.402150 0.650003
65.000000 0.020488 0.361454 0.699415
65.000000 0.020365 0.380545 0.706175
65.000000 0.020650 0.379353 0.664345
65.000000 0.020600 0.382952 0.661053
66.000000 0.020503 0.424012 0.669044
66.000000 0.020172 0.411614 0.670889
66.000000 0.021061 0.390811 0.700014
66.000000 0.020585 0.402559 0.638318
66.000000 0.020657 0.395036 0.589846
66.000000 0.020382 0.411267 0.613659
66.000000 0.020755 0.367445 0.649095
66.000000 0.020316 0.388581 0.679491
66.000000 0.020396 0.413206 0.665236
66.000000 0.020206 0.379728 0.757456
66.000000 0.020504 0.400613 0.629470
66.000000 0.020520 0.438324 0.645433
66.000000 0.020343 0.382310 0.681924
66.000000 0.020939 0.374349 0.588354
66.000000 0.020897 0.377476 0.654682
66.000000 0.020812 0.396987 0.662671
66.000000 0.020079 0.399893 0.631142
66.000000 0.020164 0.398116 0.633137
66.000000 0.020731 0.407393 0.663527
66.000000 0.020592 0.387820 0.706774
