11.000000 0.018497 0.188114 0.944693
11.000000 0.018114 0.187073 0.945938
11.000000 0.018222 0.177214 1.000300
11.000000 0.018519 0.185146 0.961147
11.000000 0.017878 0.189000 0.915338
11.000000 0.019062 0.196474 0.912804
11.000000 0.019023 0.186595 0.943480
11.000000 0.018463 0.170654 0.986573
11.000000 0.018545 0.168135 0.926955
11.000000 0.018838 0.185917 0.981295
11.000000 0.018784 0.187326 0.946648
11.000000 0.017233 0.169504 0.936610
11.000000 0.019084 0.176124 0.941624
11.000000 0.018619 0.171117 0.981510
11.000000 0.019105 0.176555 0.924558
11.000000 0.018193 0.184054 0.978037
11.000000 0.019098 0.166103 0.943584
11.000000 0.019406 0.193762 0.927461
11.000000 0.017941 0.175533 0.961346
11.000000 0.019109 0.177028 0.955264
12.000000 0.018836 0.188195 0.944182
12.000000 0.018387 0.183521 0.943625
12.000000 0.018686 0.194989 0.910745
12.000000 0.018996 0.182804 0.936239
12.000000 0.019920 0.193399 0.926347
12.000000 0.019153 0.182479 0.969184
12.000000 0.018967 0.178473 0.954908
12.000000 0.018983 0.179317 0.951919
12.000000 0.019434 0.176569 0.983349
12.000000 0.018855 0.189452 0.958103
12.000000 0.018928 0.177603 0.965659
12.000000 0.018605 0.166999 0.966743
12.000000 0.019274 0.187264 0.926941
12.000000 0.018554 0.171257 0.970517
12.000000 0.019373 0.183515 0.957625
12.000000 0.018755 0.182645 0.983655
12.000000 0.018087 0.185194 0.924907
12.000000 0.018480 0.178747 0.943060
12.000000 0.019192 0.185442 0.953808
12.000000 0.018795 0.198342 0.934109
13.000000 0.019039 0.194659 0.940753
13.000000 0.019045 0.175674 0.959598
13.000000 0.018778 0.190659 0.977559
13.000000 0.019192 0.188719 0.957494
13.000000 0.018696 0.175738 0.979607
13.000000 0.019933 0.173361 0.951621
13.000000 0.019502 0.174926 0.949680
13.000000 0.018890 0.187348 0.953738
13.000000 0.018661 0.184039 0.945315
13.000000 0.017712 0.177513 0.945781
13.000000 0.018743 0.174632 0.969059
13.000000 0.019400 0.181425 0.968614
13.000000 0.019903 0.185354 0.955809
13.000000 0.020507 0.183065 0.965118
13.000000 0.019701 0.188632 0.969667
13.000000 0.019135 0.181685 0.943011
13.000000 0.019612 0.185318 0.929391
13.000000 0.020138 0.188971 0.951962
13.000000 0.018538 0.193169 0.942316
13.000000 0.019524 0.179181 0.962198
14.000000 0.019036 0.180277 0.942481
14.000000 0.019105 0.178610 0.940330
14.000000 0.019720 0.191596 0.962387
14.000000 0.019316 0.185015 0.920587
14.000000 0.018598 0.179883 0.952565
14.000000 0.018764 0.174778 0.948764
14.000000 0.018702 0.185451 0.938040
14.000000 0.018136 0.193609 0.915887
14.000000 0.019193 0.203587 0.940587
14.000000 0.018708 0.182069 0.935320
14.000000 0.019128 0.189045 0.976847
14.000000 0.019344 0.183121 0.925222
14.000000 0.018465 0.191816 0.954156
14.000000 0.019977 0.181563 0.931135
14.000000 0.020770 0.197346 0.925723
14.000000 0.019280 0.181675 0.925815
14.000000 0.019457 0.187928 0.964457
14.000000 0.018662 0.184558 0.979428
14.000000 0.018970 0.199870 0.942521
14.000000 0.018959 0.190828 0.920687
15.000000 0.020101 0.184547 0.937462
15.000000 0.019347 0.182857 0.951120
15.000000 0.018462 0.183012 0.930262
15.000000 0.019018 0.174492 0.964867
15.000000 0.018733 0.183983 0.974915
15.000000 0.018984 0.186794 0.930843
15.000000 0.019908 0.204489 0.958624
15.000000 0.019021 0.176481 0.956932
15.000000 0.020081 0.172153 0.953406
15.000000 0.018618 0.179376 0.968340
15.000000 0.018218 0.179038 0.955433
15.000000 0.019490 0.203450 0.913343
15.000000 0.018750 0.184487 0.912714
15.000000 0.020048 0.190161 0.936104
15.000000 0.019030 0.187919 0.926946
15.000000 0.018713 0.196556 0.937174
15.000000 0.019028 0.184805 0.947811
15.000000 0.018326 0.188199 0.966250
15.000000 0.018817 0.180971 0.926396
15.000000 0.020464 0.183436 0.930160
16.000000 0.019143 0.182116 0.937652
16.000000 0.019830 0.187471 0.939146
16.000000 0.018024 0.181438 0.947218
16.000000 0.019120 0.183216 0.931874
16.000000 0.020115 0.179826 0.932717
16.000000 0.018919 0.186901 0.941403
16.000000 0.019356 0.184564 0.948090
16.000000 0.019548 0.182950 0.917945
16.000000 0.018776 0.180129 0.934618
16.000000 0.020355 0.173822 0.933117
16.000000 0.018920 0.175887 0.894060
16.000000 0.019427 0.187836 0.976509
16.000000 0.018710 0.185836 0.932020
16.000000 0.019565 0.184184 0.928381
16.000000 0.020102 0.181942 0.962786
16.000000 0.018853 0.188370 0.943631
16.000000 0.019520 0.183630 0.944992
16.000000 0.019794 0.202676 0.947292
16.000000 0.020193 0.215623 0.924814
16.000000 0.019382 0.180248 0.936175
17.000000 0.019124 0.186294 0.934028
17.000000 0.019772 0.197274 0.953619
17.000000 0.018988 0.178441 0.956008
17.000000 0.019778 0.176005 0.920937
17.000000 0.018348 0.192491 0.941958
17.000000 0.019065 0.186248 0.942966
17.000000 0.019678 0.195170 0.932821
17.000000 0.019193 0.192324 0.919724
17.000000 0.019833 0.182256 0.944740
17.000000 0.019566 0.190770 0.952490
17.000000 0.019882 0.188230 0.963949
17.000000 0.019526 0.195769 0.923076
17.000000 0.019710 0.195296 0.925443
17.000000 0.019539 0.182164 0.943205
17.000000 0.019968 0.182052 0.943038
17.000000 0.019670 0.189895 0.920133
17.000000 0.019171 0.182776 0.926779
17.000000 0.020198 0.203794 0.926439
17.000000 0.019847 0.191181 0.911806
17.000000 0.019896 0.176391 0.948207
18.000000 0.019290 0.181734 0.962350
18.000000 0.019352 0.186215 0.957896
18.000000 0.019438 0.187764 0.976167
18.000000 0.020730 0.229361 0.938301
18.000000 0.020234 0.213125 0.907655
18.000000 0.020004 0.190943 0.924975
18.000000 0.020673 0.195233 0.930830
18.000000 0.019392 0.197468 0.922842
18.000000 0.019518 0.200267 0.940033
18.000000 0.019989 0.193126 0.911813
18.000000 0.019452 0.180963 0.944954
18.000000 0.020187 0.174601 0.929855
18.000000 0.019605 0.184401 0.947170
18.000000 0.019495 0.203321 0.929322
18.000000 0.018968 0.181009 0.930673
18.000000 0.018992 0.185210 0.933523
18.000000 0.019937 0.187096 0.939809
18.000000 0.019423 0.179690 0.952380
18.000000 0.019061 0.180560 0.942862
18.000000 0.020051 0.190418 0.928194
19.000000 0.019743 0.191843 0.942465
19.000000 0.019307 0.182803 0.957812
19.000000 0.019215 0.198842 0.955208
19.000000 0.019882 0.196105 0.927298
19.000000 0.020149 0.189940 0.946167
19.000000 0.019965 0.193403 0.961092
19.000000 0.020048 0.195317 0.900456
19.000000 0.019834 0.176821 0.957989
19.000000 0.020207 0.185503 0.937127
19.000000 0.019481 0.205011 0.927428
19.000000 0.019910 0.188710 0.908752
19.000000 0.019623 0.193658 0.940044
19.000000 0.019566 0.199312 0.936935
19.000000 0.019931 0.185676 0.945642
19.000000 0.020730 0.199219 0.933770
19.000000 0.020998 0.196961 0.919277
19.000000 0.020153 0.184458 0.965684
19.000000 0.019793 0.181797 0.925344
19.000000 0.019784 0.194464 0.972981
19.000000 0.019451 0.179914 0.954874
20.000000 0.020211 0.182073 0.942421
20.000000 0.019284 0.180811 0.954605
20.000000 0.020152 0.197723 0.954018
20.000000 0.020052 0.188261 0.955477
20.000000 0.019442 0.190064 0.952418
20.000000 0.019667 0.197184 0.899700
20.000000 0.019284 0.183633 0.938227
20.000000 0.019103 0.185113 0.950478
20.000000 0.020142 0.188410 0.945773
20.000000 0.020133 0.179404 0.947386
20.000000 0.019975 0.186057 0.965936
20.000000 0.019461 0.191027 0.894704
20.000000 0.020385 0.207416 0.901264
20.000000 0.018961 0.195777 0.930061
20.000000 0.020225 0.188441 0.893145
20.000000 0.020138 0.192765 0.924477
20.000000 0.019337 0.183951 0.969330
20.000000 0.019737 0.194703 0.897976
20.000000 0.020199 0.187530 0.928282
20.000000 0.020144 0.187483 0.932469
21.000000 0.019208 0.186715 0.921242
21.000000 0.018984 0.190063 0.910229
21.000000 0.020006 0.191448 0.932404
21.000000 0.019696 0.184954 0.928807
21.000000 0.018566 0.190631 0.955974
21.000000 0.019819 0.192812 0.935178
21.000000 0.020178 0.199802 0.896618
21.000000 0.020610 0.208363 0.922415
21.000000 0.019281 0.178543 0.944209
21.000000 0.019427 0.189028 0.940887
21.000000 0.019868 0.183438 0.914618
21.000000 0.020079 0.192756 0.953188
21.000000 0.019522 0.194741 0.942228
21.000000 0.019926 0.186591 0.926925
21.000000 0.019944 0.193466 0.956221
21.000000 0.019290 0.193971 0.941033
21.000000 0.020421 0.203419 0.914863
21.000000 0.019101 0.188273 0.932433
21.000000 0.019766 0.200028 0.915645
21.000000 0.020539 0.187267 0.973148
22.000000 0.019455 0.189698 0.952440
22.000000 0.019903 0.187573 0.904397
22.000000 0.019577 0.198518 0.937590
22.000000 0.020366 0.189311 0.926165
22.000000 0.020314 0.200219 0.917703
22.000000 0.019553 0.182701 0.938775
22.000000 0.019222 0.185962 0.961538
22.000000 0.020215 0.199115 0.932735
22.000000 0.020010 0.189774 0.914421
22.000000 0.019813 0.193808 0.890909
22.000000 0.020338 0.199806 0.915469
22.000000 0.020045 0.204962 0.847137
22.000000 0.019583 0.219849 0.874345
22.000000 0.019024 0.195422 0.918847
22.000000 0.019959 0.205691 0.913607
22.000000 0.019882 0.197145 0.922362
22.000000 0.020430 0.193786 0.949295
22.000000 0.020012 0.199477 0.929189
22.000000 0.019618 0.183652 0.963922
22.000000 0.019588 0.195449 0.934239
23.000000 0.019984 0.185819 0.948318
23.000000 0.020036 0.194601 0.943647
23.000000 0.019747 0.211097 0.911025
23.000000 0.020625 0.215790 0.874786
23.000000 0.020036 0.191634 0.942858
23.000000 0.020474 0.202186 0.923029
23.000000 0.020095 0.188524 0.965433
23.000000 0.019453 0.189201 0.918118
23.000000 0.018920 0.194664 0.934559
23.000000 0.020282 0.188173 0.919960
23.000000 0.019833 0.201319 0.924674
23.000000 0.020332 0.194649 0.912325
23.000000 0.019972 0.195552 0.939303
23.000000 0.020354 0.199930 0.905850
23.000000 0.020536 0.201414 0.920883
23.000000 0.019936 0.209468 0.907997
23.000000 0.019150 0.183085 0.976770
23.000000 0.020536 0.193089 0.955309
23.000000 0.019678 0.207189 0.948862
23.000000 0.019485 0.183648 0.918262
24.000000 0.020750 0.189012 0.909041
24.000000 0.020165 0.200175 0.947751
24.000000 0.020165 0.192425 0.957194
24.000000 0.020238 0.189348 0.901816
24.000000 0.019853 0.192545 0.910674
24.000000 0.020141 0.194940 0.894544
24.000000 0.020274 0.199403 0.906415
24.000000 0.020465 0.192601 0.936840
24.000000 0.019876 0.193386 0.920452
24.000000 0.020224 0.203099 0.911590
24.000000 0.020165 0.199155 0.916033
24.000000 0.020315 0.183342 0.952935
24.000000 0.020561 0.189279 0.957172
24.000000 0.019200 0.196932 0.937458
24.000000 0.020636 0.190334 0.911536
24.000000 0.019462 0.201313 0.919202
24.000000 0.019344 0.206363 0.922776
24.000000 0.020771 0.194514 0.904963
24.000000 0.019502 0.190923 0.924519
24.000000 0.019353 0.188979 0.910303
25.000000 0.020016 0.188727 0.939486
25.000000 0.020040 0.188770 0.923585
25.000000 0.020200 0.211280 0.906308
25.000000 0.021222 0.202690 0.899609
25.000000 0.020640 0.201694 0.912361
25.000000 0.020128 0.190041 0.933151
25.000000 0.020233 0.195183 0.907204
25.000000 0.020387 0.198365 0.897505
25.000000 0.020422 0.200121 0.898268
25.000000 0.020761 0.203786 0.924934
25.000000 0.020073 0.197936 0.904659
25.000000 0.020393 0.189223 0.925737
25.000000 0.020029 0.193389 0.978765
25.000000 0.019451 0.182130 0.936497
25.000000 0.020291 0.183896 0.897425
25.000000 0.019695 0.200651 0.907277
25.000000 0.019467 0.192570 0.929167
25.000000 0.020423 0.196053 0.933434
25.000000 0.019481 0.209532 0.921639
25.000000 0.019264 0.207747 0.894932
26.000000 0.020679 0.215713 0.885273
26.000000 0.020635 0.197927 0.972337
26.000000 0.020252 0.193205 0.879775
26.000000 0.019615 0.191787 0.922928
26.000000 0.020256 0.190204 0.946054
26.000000 0.020293 0.183364 0.907825
26.000000 0.020326 0.180475 0.908795
26.000000 0.020035 0.197818 0.898271
26.000000 0.019578 0.193518 0.947146
26.000000 0.020298 0.213194 0.926435
26.000000 0.019560 0.190285 0.933272
26.000000 0.020381 0.182354 0.938493
26.000000 0.020075 0.191298 0.965528
26.000000 0.020219 0.201571 0.904458
26.000000 0.019615 0.184977 0.933814
26.000000 0.021058 0.204996 0.906800
26.000000 0.020401 0.198031 0.918916
26.000000 0.019691 0.197950 0.918421
26.000000 0.020194 0.211672 0.894962
26.000000 0.021038 0.203830 0.918796
27.000000 0.019630 0.191690 0.893616
27.000000 0.020567 0.200186 0.934578
27.000000 0.021295 0.216684 0.875931
27.000000 0.020120 0.196089 0.898615
27.000000 0.019896 0.185169 0.932446
27.000000 0.020324 0.200602 0.916132
27.000000 0.020147 0.192696 0.905059
27.000000 0.019827 0.195993 0.915485
27.000000 0.020015 0.196676 0.940666
27.000000 0.020158 0.197417 0.892806
27.000000 0.019404 0.203070 0.960551
27.000000 0.020233 0.203546 0.917474
27.000000 0.020035 0.195484 0.954928
27.000000 0.020770 0.195768 0.906030
27.000000 0.020796 0.213910 0.909030
27.000000 0.020078 0.195357 0.926976
27.000000 0.020508 0.194839 0.894133
27.000000 0.020473 0.202006 0.908966
27.000000 0.021050 0.196329 0.915426
27.000000 0.020044 0.195256 0.905891
28.000000 0.021497 0.210572 0.917577
28.000000 0.020172 0.181191 0.901655
28.000000 0.020550 0.209846 0.902892
28.000000 0.019956 0.189170 0.927973
28.000000 0.019543 0.203658 0.907157
28.000000 0.020462 0.205513 0.896894
28.000000 0.019565 0.196716 0.937610
28.000000 0.021041 0.241901 0.844277
28.000000 0.021036 0.192759 0.906179
28.000000 0.019663 0.193445 0.920134
28.000000 0.020657 0.211316 0.880507
28.000000 0.020312 0.190073 0.914101
28.000000 0.020090 0.195805 0.900640
28.000000 0.020362 0.203497 0.958927
28.000000 0.020817 0.203697 0.897141
28.000000 0.019928 0.181728 0.930873
28.000000 0.019521 0.201734 0.916616
28.000000 0.020755 0.206354 0.908195
28.000000 0.020644 0.204933 0.913651
28.000000 0.020341 0.190450 0.894311
29.000000 0.020441 0.212139 0.872750
29.000000 0.020048 0.195938 0.900707
29.000000 0.020001 0.196638 0.905945
29.000000 0.020239 0.203263 0.934083
29.000000 0.020824 0.203804 0.870480
29.000000 0.020296 0.198579 0.950137
29.000000 0.020219 0.188640 0.899590
29.000000 0.020459 0.203354 0.911805
29.000000 0.020536 0.211543 0.930834
29.000000 0.019806 0.194809 0.896371
29.000000 0.019585 0.206720 0.907778
29.000000 0.020832 0.192152 0.885362
29.000000 0.020387 0.191342 0.909158
29.000000 0.019784 0.198932 0.921133
29.000000 0.020662 0.200204 0.934631
29.000000 0.019632 0.209111 0.888666
29.000000 0.020172 0.199342 0.917378
29.000000 0.019931 0.193284 0.903440
29.000000 0.021103 0.224702 0.903196
29.000000 0.020759 0.203213 0.860360
30.000000 0.019636 0.220215 0.893229
30.000000 0.020279 0.212584 0.893035
30.000000 0.019838 0.191155 0.911669
30.000000 0.020482 0.199782 0.888190
30.000000 0.019662 0.191326 0.894368
30.000000 0.021130 0.222535 0.872652
30.000000 0.020012 0.212509 0.890023
30.000000 0.019939 0.206969 0.899818
30.000000 0.020267 0.197034 0.883722
30.000000 0.019794 0.203160 0.908212
30.000000 0.020028 0.198676 0.920257
30.000000 0.020188 0.189122 0.906265
30.000000 0.020385 0.207270 0.885802
30.000000 0.020282 0.191435 0.912035
30.000000 0.020315 0.210953 0.866367
30.000000 0.019905 0.196575 0.890821
30.000000 0.019701 0.197336 0.891079
30.000000 0.020687 0.208561 0.897135
30.000000 0.020069 0.200001 0.892658
30.000000 0.019811 0.193793 0.918567
31.000000 0.021966 0.199206 0.886394
31.000000 0.021527 0.201248 0.892050
31.000000 0.020810 0.217430 0.854384
31.000000 0.020308 0.206607 0.896037
31.000000 0.020457 0.189761 0.929195
31.000000 0.020427 0.199457 0.892002
31.000000 0.019747 0.189726 0.920832
31.000000 0.020388 0.205287 0.931865
31.000000 0.020168 0.194364 0.921510
31.000000 0.019747 0.203748 0.895611
31.000000 0.019767 0.196986 0.946012
31.000000 0.020691 0.200432 0.875051
31.000000 0.019964 0.198080 0.899665
31.000000 0.019194 0.202548 0.891677
31.000000 0.020488 0.217390 0.895392
31.000000 0.020771 0.198131 0.886941
31.000000 0.020539 0.193493 0.942430
31.000000 0.020909 0.207779 0.909187
31.000000 0.020590 0.193709 0.905953
31.000000 0.020481 0.195802 0.922536
32.000000 0.020542 0.201437 0.873903
32.000000 0.020812 0.199776 0.914193
32.000000 0.020107 0.195902 0.907598
32.000000 0.019949 0.202506 0.897084
32.000000 0.020612 0.197429 0.909314
32.000000 0.020376 0.199697 0.882601
32.000000 0.019732 0.190797 0.895766
32.000000 0.020476 0.201294 0.939239
32.000000 0.020282 0.188718 0.918072
32.000000 0.020158 0.202288 0.896054
32.000000 0.020606 0.212154 0.892682
32.000000 0.020428 0.202803 0.889007
32.000000 0.020063 0.204741 0.871971
32.000000 0.020367 0.221380 0.868471
32.000000 0.020560 0.204492 0.869244
32.000000 0.021248 0.209573 0.886600
32.000000 0.021378 0.199841 0.899186
32.000000 0.019665 0.198180 0.897056
32.000000 0.020290 0.201081 0.907042
32.000000 0.019585 0.210690 0.898417
33.000000 0.020210 0.199628 0.905529
33.000000 0.021073 0.214718 0.872913
33.000000 0.019664 0.196267 0.896606
33.000000 0.020395 0.184226 0.921376
33.000000 0.020305 0.199643 0.906471
33.000000 0.020291 0.199725 0.896217
33.000000 0.019998 0.208424 0.903091
33.000000 0.019610 0.199330 0.931906
33.000000 0.019936 0.197171 0.921641
33.000000 0.020895 0.203084 0.889464
33.000000 0.019673 0.210099 0.845172
33.000000 0.020876 0.208451 0.872680
33.000000 0.020248 0.198782 0.845176
33.000000 0.020690 0.185406 0.927459
33.000000 0.020057 0.200255 0.891670
33.000000 0.020147 0.192175 0.920453
33.000000 0.020093 0.201542 0.910216
33.000000 0.020354 0.188925 0.912742
33.000000 0.020436 0.211896 0.894253
33.000000 0.020281 0.201724 0.948211
34.000000 0.020355 0.206004 0.888704
34.000000 0.020165 0.205976 0.877051
34.000000 0.019770 0.222183 0.916498
34.000000 0.020225 0.203882 0.891247
34.000000 0.020376 0.203423 0.906727
34.000000 0.019657 0.206611 0.868373
34.000000 0.020405 0.192848 0.896082
34.000000 0.020212 0.229607 0.890949
34.000000 0.020548 0.214089 0.913034
34.000000 0.020204 0.212403 0.884389
34.000000 0.019434 0.200512 0.888779
34.000000 0.019655 0.202405 0.901904
34.000000 0.020165 0.208510 0.850801
34.000000 0.020568 0.216509 0.889627
34.000000 0.019504 0.209605 0.884896
34.000000 0.020079 0.206036 0.911750
34.000000 0.020508 0.204623 0.879404
34.000000 0.020708 0.207001 0.888729
34.000000 0.020699 0.213945 0.903353
34.000000 0.020161 0.200528 0.870329
35.000000 0.020342 0.200303 0.896432
35.000000 0.020556 0.196168 0.888973
35.000000 0.020472 0.207030 0.887596
35.000000 0.020107 0.206616 0.917428
35.000000 0.019730 0.198025 0.916504
35.000000 0.019961 0.200115 0.886426
35.000000 0.020206 0.199617 0.878904
35.000000 0.020886 0.211913 0.891676
35.000000 0.020496 0.218355 0.878637
35.000000 0.020055 0.201530 0.890477
35.000000 0.020195 0.204563 0.863181
35.000000 0.020941 0.210090 0.904262
35.000000 0.019150 0.196901 0.903488
35.000000 0.020400 0.189156 0.882791
35.000000 0.020718 0.201717 0.902454
35.000000 0.020525 0.208909 0.864000
35.000000 0.020121 0.211354 0.890879
35.000000 0.020158 0.197306 0.911283
35.000000 0.020611 0.198424 0.871024
35.000000 0.020516 0.212215 0.863611
36.000000 0.020691 0.200503 0.903708
36.000000 0.020635 0.202004 0.890196
36.000000 0.020623 0.201672 0.866859
36.000000 0.019845 0.201525 0.879627
36.000000 0.020161 0.202684 0.877282
36.000000 0.020575 0.212552 0.854710
36.000000 0.020766 0.230837 0.828408
36.000000 0.020446 0.222001 0.847834
36.000000 0.020404 0.208873 0.868897
36.000000 0.020114 0.207895 0.857658
36.000000 0.019879 0.198471 0.931510
36.000000 0.019856 0.199836 0.917801
36.000000 0.020668 0.213816 0.908960
36.000000 0.020512 0.217538 0.928703
36.000000 0.020552 0.215006 0.830497
36.000000 0.020382 0.201271 0.890877
36.000000 0.020425 0.205254 0.880723
36.000000 0.020272 0.207912 0.907151
36.000000 0.020389 0.203220 0.882794
36.000000 0.020185 0.216191 0.875519
37.000000 0.020218 0.208771 0.863281
37.000000 0.020128 0.212701 0.845790
37.000000 0.021621 0.213300 0.872632
37.000000 0.020950 0.204177 0.841807
37.000000 0.020853 0.208709 0.877160
37.000000 0.019937 0.208182 0.884140
37.000000 0.021291 0.229728 0.835542
37.000000 0.020097 0.204550 0.881227
37.000000 0.019869 0.204805 0.921336
37.000000 0.020512 0.214712 0.880710
37.000000 0.020753 0.205863 0.876965
37.000000 0.020912 0.229444 0.835569
37.000000 0.020669 0.200578 0.940262
37.000000 0.019948 0.195255 0.909550
37.000000 0.020388 0.216461 0.855376
37.000000 0.019710 0.202257 0.890452
37.000000 0.020207 0.199328 0.894743
37.000000 0.020281 0.214504 0.873140
37.000000 0.020250 0.191610 0.927188
37.000000 0.020038 0.197624 0.841391
38.000000 0.020406 0.201750 0.886685
38.000000 0.020195 0.206906 0.884205
38.000000 0.019943 0.210024 0.848293
38.000000 0.019901 0.195910 0.893466
38.000000 0.020651 0.212460 0.864327
38.000000 0.020665 0.215024 0.910233
38.000000 0.020148 0.196663 0.887034
38.000000 0.020622 0.209907 0.845080
38.000000 0.020050 0.207736 0.966307
38.000000 0.021275 0.225439 0.830931
38.000000 0.020562 0.204869 0.863147
38.000000 0.019488 0.215974 0.897849
38.000000 0.020924 0.213291 0.831423
38.000000 0.019739 0.200507 0.855636
38.000000 0.019903 0.203609 0.877826
38.000000 0.020166 0.205019 0.905040
38.000000 0.019836 0.204193 0.893644
38.000000 0.020716 0.199111 0.871523
38.000000 0.020509 0.214150 0.864111
38.000000 0.021225 0.204023 0.877710
39.000000 0.020213 0.206544 0.862830
39.000000 0.020224 0.217636 0.830940
39.000000 0.020400 0.203227 0.899745
39.000000 0.019712 0.197846 0.883189
39.000000 0.020705 0.218765 0.840939
39.000000 0.020589 0.224710 0.858631
39.000000 0.020655 0.205029 0.891597
39.000000 0.020622 0.203318 0.884537
39.000000 0.020152 0.217440 0.889578
39.000000 0.020669 0.198935 0.848011
39.000000 0.020241 0.215750 0.852942
39.000000 0.020321 0.206191 0.900097
39.000000 0.020618 0.215216 0.834521
39.000000 0.019947 0.201717 0.856014
39.000000 0.020721 0.205700 0.848820
39.000000 0.021097 0.211429 0.849478
39.000000 0.020241 0.216497 0.817212
39.000000 0.020607 0.202296 0.871219
39.000000 0.020944 0.227728 0.832366
39.000000 0.020393 0.210685 0.882620
40.000000 0.020759 0.210498 0.844848
40.000000 0.020314 0.203161 0.861843
40.000000 0.020068 0.203580 0.868121
40.000000 0.019979 0.215631 0.850856
40.000000 0.020606 0.201549 0.870907
40.000000 0.019370 0.204609 0.852532
40.000000 0.020581 0.211628 0.847413
40.000000 0.020018 0.213878 0.847873
40.000000 0.020444 0.223788 0.873780
40.000000 0.020333 0.211382 0.826525
40.000000 0.020182 0.214892 0.893733
40.000000 0.019981 0.205635 0.845093
40.000000 0.020119 0.199900 0.865473
40.000000 0.020199 0.221398 0.847618
40.000000 0.020616 0.215589 0.867614
40.000000 0.020628 0.197770 0.879896
40.000000 0.021322 0.212835 0.869915
40.000000 0.019948 0.211957 0.876318
40.000000 0.021027 0.212633 0.871649
40.000000 0.020584 0.195720 0.918581
41.000000 0.020320 0.217241 0.869131
41.000000 0.020743 0.224426 0.866898
41.000000 0.020981 0.224706 0.832484
41.000000 0.020954 0.214850 0.850946
41.000000 0.020487 0.198899 0.917541
41.000000 0.020978 0.219258 0.818801
41.000000 0.020195 0.215390 0.854022
41.000000 0.020463 0.216614 0.864139
41.000000 0.020353 0.212148 0.837270
41.000000 0.019775 0.199126 0.888598
41.000000 0.021286 0.228199 0.870361
41.000000 0.020553 0.208064 0.828404
41.000000 0.020646 0.203684 0.882869
41.000000 0.021093 0.201840 0.877377
41.000000 0.020360 0.207693 0.854101
41.000000 0.020457 0.212707 0.827800
41.000000 0.020320 0.207406 0.853766
41.000000 0.020162 0.204809 0.871589
41.000000 0.020606 0.204840 0.856339
41.000000 0.020817 0.200153 0.859301
42.000000 0.020052 0.223216 0.865715
42.000000 0.021229 0.237298 0.807261
42.000000 0.020281 0.202472 0.848301
42.000000 0.021016 0.214328 0.833844
42.000000 0.020230 0.201673 0.880652
42.000000 0.020543 0.223666 0.827017
42.000000 0.020753 0.212176 0.876185
42.000000 0.020841 0.209966 0.806896
42.000000 0.021149 0.230177 0.829604
42.000000 0.020310 0.201807 0.928368
42.000000 0.020047 0.204583 0.869593
42.000000 0.020416 0.202997 0.865388
42.000000 0.020125 0.207973 0.873931
42.000000 0.019949 0.207079 0.873112
42.000000 0.019772 0.205642 0.873772
42.000000 0.020836 0.220920 0.889115
42.000000 0.020412 0.193841 0.892979
42.000000 0.020824 0.203858 0.853416
42.000000 0.020179 0.200362 0.900700
42.000000 0.020623 0.203142 0.845048
43.000000 0.021183 0.215995 0.816201
43.000000 0.021252 0.207210 0.837205
43.000000 0.019834 0.212974 0.837987
43.000000 0.020301 0.201206 0.879520
43.000000 0.021173 0.206422 0.873773
43.000000 0.020487 0.204971 0.832939
43.000000 0.020895 0.235119 0.832424
43.000000 0.019554 0.209500 0.890935
43.000000 0.020623 0.220333 0.845149
43.000000 0.020733 0.228309 0.788290
43.000000 0.019722 0.201097 0.847637
43.000000 0.020096 0.217334 0.870955
43.000000 0.020914 0.196292 0.852864
43.000000 0.020008 0.219364 0.851182
43.000000 0.020217 0.195949 0.897696
43.000000 0.020648 0.208801 0.838775
43.000000 0.020629 0.196718 0.867284
43.000000 0.020404 0.202582 0.888408
43.000000 0.020112 0.206428 0.858276
43.000000 0.020537 0.214065 0.831591
44.000000 0.020732 0.212574 0.825700
44.000000 0.020430 0.209344 0.833983
44.000000 0.020493 0.205128 0.847802
44.000000 0.020309 0.204346 0.859611
44.000000 0.020382 0.207440 0.855239
44.000000 0.019592 0.216530 0.866460
44.000000 0.020445 0.198874 0.888232
44.000000 0.019636 0.216735 0.861952
44.000000 0.020382 0.205912 0.842932
44.000000 0.020570 0.203157 0.857871
44.000000 0.020453 0.214341 0.896589
44.000000 0.020593 0.208633 0.844923
44.000000 0.020206 0.208064 0.848577
44.000000 0.021033 0.216839 0.869582
44.000000 0.020045 0.204624 0.877068
44.000000 0.020452 0.216819 0.847797
44.000000 0.020328 0.205249 0.832761
44.000000 0.019548 0.205998 0.860010
44.000000 0.019960 0.196945 0.849166
44.000000 0.021056 0.212356 0.822693
45.000000 0.020686 0.212222 0.819650
45.000000 0.020044 0.203498 0.865973
45.000000 0.020292 0.231818 0.819735
45.000000 0.019538 0.209491 0.840971
45.000000 0.020250 0.209302 0.842854
45.000000 0.020552 0.204171 0.836274
45.000000 0.020455 0.224328 0.804751
45.000000 0.020438 0.210578 0.848145
45.000000 0.020665 0.208603 0.837379
45.000000 0.020601 0.229291 0.819231
45.000000 0.020008 0.199040 0.854873
45.000000 0.019910 0.211271 0.825959
45.000000 0.020256 0.214452 0.882838
45.000000 0.020331 0.210128 0.829140
45.000000 0.020314 0.198927 0.831865
45.000000 0.020196 0.211740 0.811594
45.000000 0.020728 0.198376 0.863056
45.000000 0.020503 0.213110 0.847667
45.000000 0.019796 0.205402 0.861471
45.000000 0.020539 0.220631 0.862398
46.000000 0.019778 0.224516 0.802959
46.000000 0.020325 0.204550 0.844511
46.000000 0.020200 0.238167 0.783879
46.000000 0.020944 0.211263 0.821246
46.000000 0.021015 0.210248 0.833358
46.000000 0.020438 0.210627 0.822599
46.000000 0.020206 0.210659 0.812868
46.000000 0.019890 0.205452 0.897745
46.000000 0.020436 0.203975 0.864860
46.000000 0.020304 0.219666 0.860175
46.000000 0.019765 0.202904 0.898502
46.000000 0.020542 0.218766 0.826005
46.000000 0.020981 0.199923 0.848277
46.000000 0.020027 0.211025 0.839164
46.000000 0.020744 0.209968 0.834073
46.000000 0.020312 0.215155 0.875255
46.000000 0.020463 0.202891 0.868604
46.000000 0.019887 0.205518 0.893051
46.000000 0.020555 0.223525 0.820272
46.000000 0.020272 0.211634 0.831856
47.000000 0.020388 0.209047 0.854946
47.000000 0.019979 0.221409 0.818668
47.000000 0.020765 0.228258 0.816080
47.000000 0.020028 0.219032 0.813196
47.000000 0.020687 0.221092 0.813203
47.000000 0.020280 0.213048 0.841265
47.000000 0.019738 0.209706 0.884053
47.000000 0.020367 0.208117 0.839240
47.000000 0.020070 0.206866 0.846927
47.000000 0.019686 0.214110 0.845739
47.000000 0.019965 0.219587 0.819659
47.000000 0.020416 0.232792 0.794120
47.000000 0.019943 0.193366 0.870646
47.000000 0.020029 0.214196 0.796563
47.000000 0.020407 0.204670 0.835880
47.000000 0.020501 0.215799 0.825051
47.000000 0.020938 0.226700 0.786437
47.000000 0.020221 0.209719 0.867479
47.000000 0.020308 0.204214 0.891198
47.000000 0.020212 0.206985 0.815499
48.000000 0.021079 0.223307 0.834672
48.000000 0.020630 0.205071 0.821385
48.000000 0.020367 0.207735 0.925324
48.000000 0.020430 0.218019 0.796348
48.000000 0.020913 0.201728 0.841887
48.000000 0.020315 0.214227 0.836189
48.000000 0.020350 0.206114 0.832733
48.000000 0.019962 0.204154 0.867875
48.000000 0.020639 0.213827 0.845317
48.000000 0.020429 0.206516 0.839119
48.000000 0.019641 0.221130 0.806524
48.000000 0.020650 0.220216 0.795512
48.000000 0.019785 0.213953 0.826580
48.000000 0.020213 0.199795 0.828129
48.000000 0.020217 0.210499 0.862134
48.000000 0.021065 0.203232 0.870535
48.000000 0.019721 0.205549 0.843058
48.000000 0.020188 0.213016 0.867524
48.000000 0.020050 0.222671 0.807294
48.000000 0.020578 0.224783 0.816580
49.000000 0.020423 0.220155 0.809861
49.000000 0.019902 0.211956 0.810511
49.000000 0.020238 0.214969 0.802676
49.000000 0.020212 0.221205 0.821623
49.000000 0.020721 0.220145 0.781284
49.000000 0.020199 0.232199 0.773422
49.000000 0.020366 0.215288 0.833893
49.000000 0.020035 0.218809 0.765290
49.000000 0.019873 0.223466 0.798287
49.000000 0.020915 0.206890 0.800296
49.000000 0.020336 0.215435 0.803452
49.000000 0.020566 0.206532 0.820996
49.000000 0.021076 0.226094 0.825871
49.000000 0.020119 0.215887 0.843924
49.000000 0.020128 0.208738 0.846444
49.000000 0.020328 0.216870 0.849063
49.000000 0.020446 0.206061 0.859333
49.000000 0.020413 0.216810 0.870406
49.000000 0.021032 0.225721 0.749502
49.000000 0.020777 0.215438 0.858388
50.000000 0.020217 0.206940 0.826638
50.000000 0.020047 0.209894 0.837891
50.000000 0.020663 0.223132 0.863329
50.000000 0.020318 0.222795 0.808614
50.000000 0.020275 0.208184 0.792399
50.000000 0.020202 0.209403 0.791593
50.000000 0.019524 0.224245 0.856638
50.000000 0.020544 0.221410 0.832191
50.000000 0.020217 0.215333 0.817548
50.000000 0.020154 0.209211 0.869604
50.000000 0.020491 0.238406 0.821361
50.000000 0.020718 0.217166 0.817999
50.000000 0.020349 0.210928 0.843239
50.000000 0.020447 0.215094 0.852145
50.000000 0.019852 0.214544 0.834479
50.000000 0.020059 0.215342 0.817609
50.000000 0.020158 0.215672 0.846097
50.000000 0.020709 0.216240 0.829581
50.000000 0.020326 0.221417 0.775977
50.000000 0.020703 0.215521 0.818594
51.000000 0.020541 0.240461 0.797705
51.000000 0.020451 0.226422 0.769731
51.000000 0.020261 0.204276 0.817857
51.000000 0.020042 0.211931 0.830317
51.000000 0.020715 0.206831 0.818336
51.000000 0.019824 0.209112 0.822281
51.000000 0.020608 0.224871 0.791226
51.000000 0.020467 0.219048 0.805063
51.000000 0.019659 0.212372 0.843684
51.000000 0.020298 0.203248 0.819071
51.000000 0.019893 0.213973 0.863397
51.000000 0.020382 0.217116 0.793139
51.000000 0.020188 0.215855 0.804877
51.000000 0.020685 0.201088 0.845083
51.000000 0.020225 0.215515 0.806888
51.000000 0.019479 0.207740 0.839005
51.000000 0.020316 0.217806 0.831543
51.000000 0.019827 0.210699 0.823747
51.000000 0.020269 0.222813 0.801686
51.000000 0.020223 0.211551 0.813491
52.000000 0.020438 0.228666 0.758627
52.000000 0.020594 0.210669 0.776847
52.000000 0.020301 0.219816 0.828828
52.000000 0.020469 0.208732 0.814672
52.000000 0.020657 0.220561 0.763211
52.000000 0.020465 0.208322 0.834023
52.000000 0.020215 0.225813 0.803849
52.000000 0.020350 0.218282 0.796087
52.000000 0.020400 0.218474 0.806016
52.000000 0.020348 0.229839 0.811148
52.000000 0.020316 0.222990 0.798527
52.000000 0.020491 0.204456 0.827274
52.000000 0.020202 0.207531 0.805749
52.000000 0.021114 0.215795 0.794619
52.000000 0.020474 0.213035 0.830918
52.000000 0.021427 0.245723 0.718029
52.000000 0.020411 0.221820 0.803293
52.000000 0.020288 0.218746 0.880114
52.000000 0.020154 0.223100 0.779642
52.000000 0.020817 0.227270 0.796386
53.000000 0.020948 0.220193 0.796251
53.000000 0.021114 0.217915 0.786113
53.000000 0.020347 0.214318 0.789642
53.000000 0.020518 0.205716 0.797738
53.000000 0.020368 0.218221 0.783729
53.000000 0.020512 0.209542 0.779536
53.000000 0.020120 0.229597 0.797280
53.000000 0.019765 0.221010 0.811146
53.000000 0.020819 0.215698 0.789238
53.000000 0.020693 0.226587 0.791493
53.000000 0.020687 0.231352 0.786289
53.000000 0.020257 0.225872 0.789852
53.000000 0.020905 0.231740 0.768318
53.000000 0.020347 0.229969 0.772592
53.000000 0.020718 0.221358 0.781095
53.000000 0.020078 0.229603 0.776789
53.000000 0.020198 0.215156 0.815352
53.000000 0.020342 0.237881 0.777698
53.000000 0.020091 0.224128 0.808605
53.000000 0.019949 0.209294 0.830371
54.000000 0.020779 0.228367 0.784246
54.000000 0.020236 0.234705 0.748153
54.000000 0.020714 0.224142 0.759027
54.000000 0.020381 0.219230 0.820497
54.000000 0.020303 0.218048 0.776206
54.000000 0.020575 0.214149 0.829675
54.000000 0.020594 0.211991 0.791742
54.000000 0.020478 0.207991 0.802650
54.000000 0.020178 0.221817 0.822913
54.000000 0.020442 0.216208 0.821185
54.000000 0.021050 0.218160 0.841774
54.000000 0.020439 0.228669 0.812166
54.000000 0.019739 0.213984 0.829719
54.000000 0.020308 0.232809 0.766868
54.000000 0.019960 0.211379 0.780176
54.000000 0.019766 0.220030 0.818948
54.000000 0.020625 0.217870 0.793939
54.000000 0.020047 0.227708 0.788853
54.000000 0.020965 0.231810 0.753475
54.000000 0.020343 0.245675 0.783288
55.000000 0.019747 0.226446 0.803239
55.000000 0.019962 0.216539 0.815813
55.000000 0.020702 0.227635 0.780528
55.000000 0.019834 0.226961 0.812097
55.000000 0.020355 0.226115 0.755431
55.000000 0.020354 0.213866 0.851906
55.000000 0.020095 0.223999 0.760442
55.000000 0.020413 0.221545 0.768291
55.000000 0.020161 0.220343 0.771642
55.000000 0.020743 0.219906 0.807387
55.000000 0.020658 0.222185 0.779545
55.000000 0.020236 0.217132 0.822865
55.000000 0.020458 0.247199 0.715849
55.000000 0.020286 0.211722 0.816901
55.000000 0.020697 0.249859 0.736800
55.000000 0.020161 0.218897 0.764672
55.000000 0.019977 0.212032 0.870960
55.000000 0.020367 0.216491 0.772955
55.000000 0.020393 0.220691 0.807286
55.000000 0.020087 0.228389 0.740392
56.000000 0.020324 0.214059 0.761311
56.000000 0.020002 0.208361 0.815988
56.000000 0.020338 0.222374 0.796284
56.000000 0.020315 0.214693 0.803862
56.000000 0.020487 0.222970 0.767581
56.000000 0.020522 0.221490 0.798364
56.000000 0.020600 0.203544 0.863723
56.000000 0.019765 0.213300 0.759755
56.000000 0.020025 0.235829 0.760002
56.000000 0.020087 0.221179 0.759600
56.000000 0.020535 0.214977 0.785839
56.000000 0.020648 0.221668 0.744956
56.000000 0.020387 0.215361 0.816085
56.000000 0.020698 0.237807 0.737905
56.000000 0.020619 0.269630 0.705301
56.000000 0.020389 0.220192 0.759805
56.000000 0.020184 0.226414 0.759355
56.000000 0.020051 0.222536 0.818616
56.000000 0.019905 0.216444 0.779483
56.000000 0.020052 0.207158 0.797157
57.000000 0.020053 0.227873 0.749847
57.000000 0.019862 0.229897 0.768318
57.000000 0.020838 0.234547 0.746014
57.000000 0.020652 0.221344 0.762944
57.000000 0.019964 0.232093 0.767585
57.000000 0.019598 0.211469 0.785399
57.000000 0.019995 0.220479 0.795160
57.000000 0.020028 0.216979 0.775499
57.000000 0.020225 0.231336 0.760222
57.000000 0.020258 0.222048 0.818814
57.000000 0.020318 0.222811 0.834416
57.000000 0.020221 0.228576 0.778028
57.000000 0.020253 0.217008 0.778012
57.000000 0.020064 0.217408 0.761199
57.000000 0.020650 0.231228 0.797072
57.000000 0.020244 0.235597 0.746024
57.000000 0.019960 0.224834 0.787289
57.000000 0.020556 0.235127 0.771920
57.000000 0.020638 0.220760 0.770603
57.000000 0.020993 0.230918 0.753792
58.000000 0.020355 0.247237 0.757542
58.000000 0.020050 0.225091 0.761987
58.000000 0.020565 0.226425 0.764355
58.000000 0.020404 0.222338 0.745677
58.000000 0.020478 0.221440 0.790412
58.000000 0.020812 0.226307 0.761700
58.000000 0.020348 0.217234 0.766942
58.000000 0.020604 0.214947 0.769795
58.000000 0.019913 0.212240 0.774911
58.000000 0.020302 0.225931 0.816673
58.000000 0.020032 0.216082 0.795101
58.000000 0.020116 0.218005 0.800946
58.000000 0.019902 0.221142 0.787080
58.000000 0.020672 0.227627 0.789325
58.000000 0.020400 0.222350 0.765345
58.000000 0.020139 0.211042 0.772654
58.000000 0.019782 0.220538 0.771168
58.000000 0.020206 0.230655 0.806144
58.000000 0.020640 0.215008 0.763480
58.000000 0.019901 0.227609 0.779056
59.000000 0.020582 0.226773 0.758241
59.000000 0.020716 0.217610 0.767019
59.000000 0.020012 0.248976 0.775356
59.000000 0.020634 0.216840 0.757270
59.000000 0.020435 0.227470 0.757683
59.000000 0.020215 0.223245 0.757622
59.000000 0.020017 0.212248 0.801792
59.000000 0.019848 0.225537 0.755113
59.000000 0.020168 0.235286 0.739050
59.000000 0.019800 0.223260 0.740789
59.000000 0.020559 0.245553 0.720858
59.000000 0.020713 0.232231 0.769685
59.000000 0.020468 0.211338 0.788085
59.000000 0.019852 0.229900 0.748400
59.000000 0.020375 0.216387 0.781859
59.000000 0.020543 0.226666 0.729183
59.000000 0.020350 0.243550 0.702023
59.000000 0.020295 0.214003 0.862859
59.000000 0.020332 0.236559 0.719527
59.000000 0.020218 0.215961 0.829050
60.000000 0.020168 0.222969 0.772009
60.000000 0.020695 0.240646 0.686223
60.000000 0.019964 0.215152 0.734032
60.000000 0.019903 0.224166 0.776374
60.000000 0.020045 0.229419 0.762184
60.000000 0.020347 0.230027 0.703560
60.000000 0.020486 0.240106 0.719745
60.000000 0.020435 0.225506 0.771668
60.000000 0.020291 0.228307 0.772770
60.000000 0.020147 0.237244 0.760387
60.000000 0.020558 0.232645 0.776447
60.000000 0.020368 0.211809 0.789194
60.000000 0.020805 0.235996 0.722395
60.000000 0.020383 0.227368 0.774969
60.000000 0.020307 0.218968 0.727439
60.000000 0.020179 0.222618 0.760708
60.000000 0.020430 0.242464 0.726136
60.000000 0.020121 0.233312 0.744782
60.000000 0.020354 0.238196 0.753325
60.000000 0.020315 0.218971 0.727579
61.000000 0.020622 0.242386 0.741558
61.000000 0.020370 0.228948 0.734970
61.000000 0.020110 0.222358 0.746653
61.000000 0.020224 0.225391 0.688500
61.000000 0.019619 0.223926 0.791080
61.000000 0.020345 0.225682 0.760163
61.000000 0.020510 0.226754 0.713586
61.000000 0.020143 0.215301 0.795072
61.000000 0.020658 0.208908 0.785381
61.000000 0.020613 0.236898 0.702204
61.000000 0.020265 0.224855 0.799745
61.000000 0.020516 0.243929 0.671711
61.000000 0.020010 0.224048 0.716763
61.000000 0.020473 0.238097 0.708425
61.000000 0.019673 0.222345 0.770619
61.000000 0.020476 0.223499 0.792211
61.000000 0.020118 0.227593 0.738562
61.000000 0.020789 0.241658 0.716004
61.000000 0.021004 0.232901 0.694835
61.000000 0.020516 0.219924 0.715483
62.000000 0.020526 0.216152 0.693622
62.000000 0.020084 0.240913 0.697103
62.000000 0.019861 0.252818 0.666437
62.000000 0.020307 0.228407 0.739381
62.000000 0.020345 0.234760 0.690239
62.000000 0.020434 0.256982 0.693220
62.000000 0.021047 0.233872 0.738973
62.000000 0.020314 0.231366 0.742453
62.000000 0.020491 0.223296 0.747490
62.000000 0.020615 0.221801 0.712469
62.000000 0.021019 0.229248 0.698959
62.000000 0.020074 0.233792 0.706041
62.000000 0.019841 0.244711 0.681129
62.000000 0.019962 0.250731 0.720788
62.000000 0.020088 0.236382 0.672758
62.000000 0.019725 0.214638 0.812523
62.000000 0.020045 0.244458 0.728551
62.000000 0.019621 0.219393 0.717130
62.000000 0.020021 0.218865 0.742774
62.000000 0.020195 0.231654 0.731668
63.000000 0.020890 0.238071 0.676865
63.000000 0.020024 0.234447 0.733781
63.000000 0.020893 0.249746 0.689487
63.000000 0.020275 0.219071 0.751155
63.000000 0.020606 0.241983 0.681572
63.000000 0.019961 0.223101 0.829467
63.000000 0.020760 0.220722 0.676314
63.000000 0.020512 0.213208 0.783653
63.000000 0.020150 0.222162 0.775888
63.000000 0.020312 0.223438 0.755542
63.000000 0.020033 0.217322 0.743753
63.000000 0.020135 0.220429 0.731621
63.000000 0.020539 0.236460 0.677001
63.000000 0.019817 0.230900 0.708676
63.000000 0.019811 0.217659 0.806809
63.000000 0.020398 0.230444 0.765649
63.000000 0.020647 0.252190 0.688022
63.000000 0.020044 0.229241 0.734945
63.000000 0.020095 0.229846 0.782897
63.000000 0.020548 0.223645 0.758256
64.000000 0.020229 0.233376 0.698644
64.000000 0.019891 0.250350 0.643196
64.000000 0.020103 0.223384 0.672725
64.000000 0.020376 0.236334 0.647234
64.000000 0.020463 0.257202 0.629424
64.000000 0.020452 0.240446 0.672087
64.000000 0.020417 0.233894 0.658527
64.000000 0.020473 0.242396 0.658408
64.000000 0.020611 0.231314 0.678872
64.000000 0.019651 0.235696 0.743155
64.000000 0.020188 0.223869 0.728267
64.000000 0.020324 0.216900 0.713968
64.000000 0.020385 0.228094 0.753176
64.000000 0.020502 0.230022 0.684225
64.000000 0.020101 0.238813 0.698058
64.000000 0.019726 0.237830 0.729398
64.000000 0.020348 0.225777 0.697125
64.000000 0.020153 0.227491 0.702231
64.000000 0.020118 0.212995 0.742447
64.000000 0.020678 0.252178 0.594813
65.000000 0.020138 0.226028 0.700971
65.000000 0.020149 0.237516 0.639093
65.000000 0.020041 0.220032 0.711588
65.000000 0.019778 0.237031 0.663183
65.000000 0.020412 0.227413 0.682387
65.000000 0.020862 0.230722 0.728869
65.000000 0.020539 0.257277 0.603287
65.000000 0.019985 0.219189 0.736767
65.000000 0.020141 0.227668 0.690894
65.000000 0.020235 0.223402 0.661086
65.000000 0.020541 0.249327 0.686187
65.000000 0.019829 0.225623 0.797219
65.000000 0.020408 0.230456 0.670945
65.000000 0.020136 0.223880 0.709615
65.000000 0.020290 0.236361 0.687912
65.000000 0.020092 0.229079 0.687457
65.000000 0.019742 0.226163 0.701752
65.000000 0.020076 0.234504 0.647655
65.000000 0.020018 0.255371 0.657512
65.000000 0.020438 0.219257 0.698522
66.000000 0.020305 0.231669 0.723161
66.000000 0.020395 0.235327 0.655958
66.000000 0.020590 0.256648 0.630558
66.000000 0.020358 0.239044 0.660433
66.000000 0.020457 0.235516 0.658946
66.000000 0.019901 0.229086 0.700481
66.000000 0.020240 0.225484 0.685703
66.000000 0.019702 0.227774 0.667522
66.000000 0.020228 0.250079 0.620090
66.000000 0.020977 0.258016 0.566637
66.000000 0.019840 0.234045 0.697652
66.000000 0.020602 0.232681 0.626416
66.000000 0.020038 0.235136 0.679282
66.000000 0.020313 0.225217 0.741891
66.000000 0.020173 0.218769 0.741841
66.000000 0.020168 0.232072 0.673877
66.000000 0.020625 0.229799 0.703594
66.000000 0.019943 0.220690 0.743734
66.000000 0.019973 0.217794 0.679959
66.000000 0.020480 0.262808 0.616394
