11.000000 0.018614 0.203854 0.941998
12.000000 0.018911 0.210844 0.943701
13.000000 0.019100 0.216775 0.935653
14.000000 0.019179 0.215727 0.942509
15.000000 0.019455 0.219608 0.931468
16.000000 0.019429 0.225994 0.929925
17.000000 0.019724 0.228838 0.930931
18.000000 0.019812 0.228678 0.937643
19.000000 0.020027 0.235327 0.928548
20.000000 0.019948 0.237198 0.923686
21.000000 0.019903 0.240238 0.921795
22.000000 0.019990 0.249036 0.916348
23.000000 0.020042 0.247170 0.922023
24.000000 0.020334 0.251207 0.911227
25.000000 0.020288 0.257432 0.904373
26.000000 0.020391 0.260451 0.909318
27.000000 0.020350 0.266219 0.906965
28.000000 0.020447 0.273039 0.898276
29.000000 0.020465 0.276800 0.891808
30.000000 0.020566 0.284157 0.899274
31.000000 0.020723 0.290284 0.880211
32.000000 0.020706 0.295589 0.880971
33.000000 0.020641 0.298880 0.878905
34.000000 0.020460 0.309013 0.879673
35.000000 0.020792 0.314902 0.885065
36.000000 0.020817 0.322380 0.870750
37.000000 0.020614 0.326768 0.870940
38.000000 0.020659 0.339007 0.855649
39.000000 0.020918 0.347108 0.848562
40.000000 0.020819 0.355881 0.852665
41.000000 0.020679 0.364599 0.837658
42.000000 0.020643 0.372444 0.838523
43.000000 0.020913 0.387642 0.827776
44.000000 0.020996 0.401088 0.820486
45.000000 0.020887 0.406732 0.821610
46.000000 0.021128 0.422332 0.813419
47.000000 0.020851 0.433729 0.807020
48.000000 0.021103 0.444772 0.804994
49.000000 0.020932 0.455250 0.797773
50.000000 0.020911 0.479255 0.796944
51.000000 0.021031 0.484616 0.780078
52.000000 0.021070 0.504357 0.782638
53.000000 0.021048 0.529391 0.771693
54.000000 0.021109 0.536016 0.758414
55.000000 0.021186 0.556870 0.745929
56.000000 0.021210 0.574460 0.744558
57.000000 0.021233 0.598882 0.737120
58.000000 0.021073 0.609322 0.738040
59.000000 0.021391 0.632329 0.706571
60.000000 0.021281 0.646890 0.707621
61.000000 0.021270 0.652099 0.695814
62.000000 0.021331 0.684981 0.680770
63.000000 0.021309 0.688168 0.668264
64.000000 0.021409 0.707022 0.649760
65.000000 0.021456 0.732086 0.647834
66.000000 0.021549 0.750598 0.635632
